106
8
4,33 4,14 3,72 0,68 4,77 10,6 1,07 2,76
3,6 14,9 7,5 1,4 10,96 11,71 11,94 12,87
11,22 6,65 14,81 0,51 11,85 1,8 6,62 14,74
11,61 7,84 14,94 11,08 1,34 13,14 9,98 2,73
13,61 13,67 11,53 1,2 1,25 3,42 4,96 10,7
4,02 10,12 7,69 4,45 3,86 5,87 7,5 10,05
14,61 10,03 11,95 4,21 12,1 14,89 7,61 6,25
6,41 4,13 13,56 10,78 4,3 10,49 2,51 9,32
0,32 4,3 5,41 7,61 9,53 11,46 5,43 7,33
2,84 6,85 5,96 5,33 4,52 5,65 3,68 14,92
3,11 9,61 6,48 11,78 13,51 8,95 9,87 8,27
4,46 8,6 7,03 5,31 4,44 7,07 1,26 11,55
0,39 10,76 0,56 5,13 13,24 3,26 0,46 4,72
4,07 8,85 6,84 8,69 2,17 7,62 5,31 14,31
10,36 10,8 0,92 9,9 11,13 11,04 8,6 11,48
4,93 10,73 6,25 8,43 0,74 10,83 10,92 9,97
14,55 13,58 8,89 5,35 13,11 12,35 9,16 2,83
8,59 7,01 7,59 0,98 7,33 5,96 4,8 10,92
12,33 14,9 14,39 7,01 1,03 1,79 11,4 8,77
14,57 3,2 13,26 12,98 1,68 1,97 7,21 2,92
3,26 12,79 5,47 2,99 12,06 5,69 1,91 12,36
11,87 7,64 2,59 3,79 5,58 2,97 14,78 13,14
7,22 13,29 14,62 2,92 14,22 10,18 2,0 8,87
11,07 10,68 0,97 11,79 3,23 7,47 3,05 2,13
12,3 1,3 3,36 7,94 13,29 1,9 11,95 6,36
0,15 5,48 12,32 12,74 6,08 3,64 11,55 3,03
4,37 2,51 1,65 8,61 5,23 11,28 8,04 4,9
11,38 10,66 4,59 8,84 1,76 7,66 14,81 7,07
11,38 7,14 12,27 8,61 3,82 7,56 9,25 0,39
12,33 11,57 2,88 14,0 11,31 9,11 9,66 6,7
4,48 7,39 10,06 9,3 3,25 5,91 2,72 1,37
7,4 11,68 10,93 7,3 5,75 9,93 5,44 4,78
7,26 3,81 9,47 4,83 11,68 5,62 3,02 5,05
11,1 2,2 2,66 9,28 6,19 11,72 0,32 3,01
9,84 10,25 11,53 2,8 9,62 11,03 7,34 7,12
1,84 10,39 13,8 3,12 8,72 12,14 7,81 14,72
6,92 7,56 9,44 13,17 5,68 2,33 4,1 13,68
0,2 11,09 0,57 0,26 5,2 3,94 13,26 5,16
5,91 5,39 4,23 9,52 2,38 0,05 6,47 0,61
5,47 9,19 1,22 10,54 10,64 12,91 4,1 6,3
5,52 13,33 13,21 5,46 6,28 12,62 5,36 0,65
11,95 4,06 10,24 11,42 5,88 1,29 0,51 11,86
4,05 1,12 0,63 10,49 8,91 11,4 2,32 8,79
0,49 13,29 6,88 12,81 12,04 9,72 9,43 6,62
9,64 3,79 5,47 1,59 4,28 6,72 1,41 0,09
8,12 10,99 7,36 4,42 8,31 3,28 10,71 6,62
3,77 9,54 1,51 5,38 13,03 5,74 7,49 5,92
1,35 12,72 13,19 11,6 8,71 9,0 6,49 6,56
1,67 3,19 3,68 13,13 5,25 4,95 4,07 4,32
8,61 3,51 2,1 12,09 7,24 5,83 8,65 7,25
13,78 5,7 14,63 14,9 10,42 13,84 3,57 7,3
9,32 0,41 13,22 9,4 12,69 2,65 8,61 7,58
6,07 0,93 3,35 9,63 8,94 9,86 1,7 3,87
5,35 8,81 12,36 9,02 5,9 10,81 9,19 9,24
3,62 3,3 11,6 10,49 0,87 12,01 2,91 10,22
0,83 2,07 13,02 11,48 9,82 3,77 7,25 13,12
3,64 0,61 4,32 9,96 7,93 0,29 6,73 5,85
0,68 11,61 10,37 3,11 7,48 12,14 5,31 9,44
7,55 3,3 6,56 0,23 0,93 6,53 12,51 2,29
7,56 1,52 0,63 4,43 6,29 10,06 8,13 10,31
6,02 1,88 14,27 14,41 2,7 6,62 10,84 4,79
7,18 3,09 8,51 11,02 1,53 3,89 7,18 3,53
12,24 2,44 4,31 8,06 2,52 10,64 0,85 9,68
4,62 9,84 5,39 10,85 10,26 7,54 15,0 9,13
12,35 11,12 2,79 4,58 3,43 13,27 0,15 14,19
1,95 2,06 9,73 14,52 7,08 6,53 5,84 13,62
5,1 5,01 0,91 8,08 7,41 4,43 10,21 11,24
5,43 11,59 2,87 14,29 1,56 10,29 2,2 6,08
8,82 1,45 8,21 0,98 7,96 2,07 13,16 4,54
10,24 4,71 12,79 4,98 8,43 6,94 10,71 8,76
8,42 4,15 8,98 13,93 12,21 5,26 6,2 14,22
2,34 0,26 9,63 14,76 2,8 12,98 13,51 0,95
5,23 1,43 1,13 9,27 3,72 3,98 11,67 11,67
2,33 10,05 0,62 3,93 8,06 10,82 14,93 7,91
14,11 12,13 12,5 1,07 11,52 6,91 4,11 1,94
0,21 5,0 3,49 0,07 11,98 3,29 0,68 14,79
7,32 4,04 8,85 11,45 14,92 2,28 10,88 3,49
8,9 11,36 14,24 9,95 6,78 4,84 1,77 3,43
0,1 5,03 3,46 10,68 3,01 4,26 2,08 12,31
0,71 2,45 12,39 12,32 13,54 1,78 7,34 7,12
11,25 2,68 6,59 0,42 9,17 8,77 9,22 1,1
0,82 9,29 14,94 1,68 10,72 6,28 2,81 12,56
4,13 13,9 4,44 12,38 5,8 0,18 8,32 12,59
0,97 7,57 4,63 4,45 1,17 6,32 14,74 7,39
12,82 8,05 3,2 4,16 13,9 1,32 6,06 8,68
14,39 6,04 7,32 11,91 4,68 7,46 12,72 14,37
13,41 3,96 7,1 5,82 11,07 13,97 9,87 5,4
8,54 6,88 4,53 7,89 8,66 11,23 11,44 5,39
9,78 7,11 10,46 10,77 2,68 3,27 0,97 6,16
7,85 7,92 9,68 10,81 5,62 8,93 1,61 8,2
2,09 2,58 0,75 6,35 10,43 4,3 0,15 3,83
0,65 0,33 2,07 12,04 9,03 11,66 8,82 9,74
11,03 1,44 3,06 10,88 14,26 9,49 6,17 6,77
3,81 9,83 3,39 10,82 2,52 14,19 10,67 1,42
5,03 9,67 4,48 0,06 8,25 3,1 4,31 7,03
11,97 2,06 1,75 11,52 1,92 10,39 8,55 2,05
12,28 12,66 10,14 0,65 4,86 11,94 11,04 10,33
8,48 11,18 10,83 7,45 12,33 13,8 12,2 12,93
9,06 9,05 2,52 9,59 10,17 10,79 4,39 1,74
6,72 3,27 2,39 9,88 6,91 8,49 0,22 2,35
11,8 10,08 14,13 12,06 5,48 10,32 11,81 5,13
4,38 2,27 6,85 5,69 6,43 11,38 4,69 0,82
0,02 4,99 11,23 9,8 6,62 6,16 9,5 12,82
14,27 3,43 8,27 4,09 0,82 14,26 3,16 5,84
5,75 11,87 9,12 9,26 4,44 12,9 6,88 7,63
0,29 0,79 5,62 10,49 10,81 4,86 8,0 6,63