51
8
10,18 1,19 1,5 4,28 12,14 6,06 13,95 1,54
7,4 11,2 7,23 8,96 4,0 9,78 3,16 11,48
2,19 7,73 12,76 13,5 0,4 4,36 14,14 6,88
12,35 6,96 0,33 9,37 6,32 5,27 11,64 5,01
2,28 4,6 4,38 11,87 3,09 12,04 9,29 5,87
3,97 4,08 13,29 0,23 8,16 3,31 8,4 9,81
6,83 2,06 13,98 0,4 1,62 14,19 5,97 14,85
0,36 13,7 11,36 8,92 0,61 3,85 3,62 12,02
8,35 12,32 13,36 7,47 4,15 13,54 11,79 12,63
5,3 13,68 13,54 12,98 12,32 7,6 6,16 7,28
3,84 10,13 1,09 13,05 7,42 7,25 7,48 9,88
2,85 8,93 14,01 5,42 6,47 0,94 12,71 9,93
11,89 8,45 3,77 6,62 6,21 13,27 11,11 0,81
13,85 0,55 14,51 4,56 13,28 10,14 12,87 3,92
6,48 2,99 2,46 6,43 5,09 12,23 4,42 13,65
13,48 7,34 4,5 2,07 0,33 5,87 11,69 4,65
9,76 12,83 5,61 14,41 5,95 6,74 3,69 10,84
8,97 4,51 12,5 3,18 4,69 11,19 0,09 13,82
7,56 6,34 7,86 9,47 13,89 7,75 7,29 3,39
5,27 2,37 11,43 7,15 14,85 1,94 0,46 1,51
10,77 12,36 14,3 3,22 9,55 11,66 12,5 1,68
6,07 14,08 12,91 5,25 1,08 2,68 6,33 7,64
14,77 2,37 4,73 1,62 0,87 10,48 6,89 1,6
7,58 6,95 5,8 13,5 11,97 2,45 6,28 7,45
7,15 8,64 10,86 11,2 5,91 8,12 11,12 5,35
3,31 0,51 5,07 0,72 10,44 6,16 12,32 6,25
2,21 12,6 9,98 9,75 3,93 9,59 9,09 0,3
7,57 8,97 8,94 2,42 9,13 1,73 10,25 7,52
7,43 9,55 10,16 2,26 9,95 11,64 8,79 8,77
8,26 5,38 7,48 12,27 0,6 14,08 4,31 6,22
14,77 5,73 3,24 12,94 8,61 12,56 8,93 12,59
3,07 14,57 5,53 14,01 7,26 13,23 10,03 9,32
3,72 1,16 11,92 11,7 1,38 3,0 3,16 9,08
0,4 0,64 12,79 0,58 4,3 0,31 11,64 1,78
5,7 11,53 5,26 4,98 12,69 6,61 8,82 9,52
1,59 2,33 14,62 5,37 14,14 13,25 0,63 11,82
11,1 4,3 13,26 14,99 4,55 2,75 9,84 7,29
4,96 4,67 6,72 4,27 3,67 10,81 0,09 2,05
7,36 11,97 14,02 14,75 4,18 0,47 5,0 14,76
2,64 9,56 5,88 11,8 9,93 10,24 0,03 11,53
5,56 10,88 4,37 3,05 9,75 3,78 12,77 12,09
11,34 3,62 6,35 5,82 8,49 2,66 2,35 7,2
14,18 11,15 10,9 4,69 11,05 6,63 11,46 12,18
14,55 4,19 10,76 14,95 2,42 8,47 11,91 5,31
11,3 9,9 9,96 14,41 4,44 14,38 7,37 4,11
13,66 12,07 14,59 11,49 14,58 3,65 0,71 1,33
11,72 14,58 9,53 10,8 11,02 6,87 7,0 4,76
8,23 2,33 6,64 6,71 3,5 7,41 0,56 0,95
7,96 7,44 12,2 5,67 2,66 5,95 8,66 11,07
11,72 8,66 7,03 4,75 0,71 7,51 9,0 1,83
14,71 10,63 14,71 11,18 8,88 3,61 2,83 8,57