137
3
2,72 13,94 12,2
10,24 10,13 0,13
14,5 8,45 7,17
1,17 14,84 6,37
3,39 4,6 12,21
10,03 9,51 8,64
6,27 5,8 7,71
7,69 14,6 3,24
3,08 7,68 6,24
8,05 0,74 7,97
13,54 12,85 0,36
12,71 14,77 1,37
1,15 3,11 0,7
7,07 0,16 13,93
0,18 1,17 9,75
1,49 5,21 3,8
9,7 10,85 9,59
2,45 12,96 13,54
10,93 11,52 1,75
3,17 8,66 7,7
13,28 9,67 8,58
13,81 7,11 5,12
10,94 11,8 10,58
14,11 1,3 1,18
12,2 10,57 3,1
1,53 4,89 0,61
6,0 7,14 13,45
4,42 7,51 14,12
12,14 7,65 5,83
2,07 12,54 10,82
4,51 7,62 13,97
2,67 0,68 12,46
3,2 2,27 14,56
3,79 7,47 13,82
6,59 10,7 12,11
2,23 9,58 11,32
5,91 1,27 10,95
4,07 9,09 11,24
8,51 4,34 14,57
10,96 13,88 1,33
14,04 12,52 1,0
5,09 2,39 12,87
1,66 1,67 14,89
0,69 14,52 2,59
7,38 4,31 0,96
8,89 14,35 3,97
13,56 10,5 7,33
10,3 13,76 8,53
1,12 6,55 7,53
0,6 1,53 8,25
3,63 14,96 7,32
0,81 5,56 3,94
8,13 0,51 6,88
13,14 14,25 8,57
7,05 1,6 9,5
4,85 13,68 10,26
7,77 2,99 5,14
11,23 7,43 1,8
7,98 0,45 7,85
13,34 5,28 9,13
7,78 10,58 10,89
4,96 14,38 5,15
14,97 7,57 2,68
12,35 4,09 14,06
9,79 12,86 10,36
4,94 12,46 11,21
13,4 0,58 9,33
8,1 6,21 11,49
14,46 2,57 12,93
12,77 3,57 3,26
3,55 9,94 14,25
6,34 4,04 13,44
13,65 4,35 5,28
3,31 14,98 0,81
2,98 14,43 6,01
12,11 2,71 3,1
12,74 3,85 13,52
3,7 2,88 12,84
0,09 6,46 0,66
13,52 10,69 2,82
0,59 0,15 2,48
1,41 11,56 14,63
2,74 11,71 12,18
4,12 5,69 0,75
3,08 4,0 1,35
12,91 0,29 4,89
14,87 3,35 2,4
5,74 14,4 9,79
8,16 8,59 12,87
9,83 10,13 12,26
0,91 5,43 2,52
7,2 2,38 3,31
1,34 8,76 13,31
13,65 13,52 10,01
9,19 14,95 2,46
0,84 14,7 12,79
12,3 14,99 12,73
12,93 8,97 0,29
3,04 12,95 4,98
4,4 9,17 0,83
8,39 0,24 0,98
14,41 1,07 10,12
6,06 8,6 6,59
11,52 6,83 7,83
8,17 10,34 4,2
1,48 9,79 5,18
10,27 7,2 8,61
6,81 0,92 8,47
13,28 0,98 13,15
7,86 14,31 3,58
5,56 7,49 4,31
10,67 6,02 12,41
3,55 2,96 8,1
0,14 0,11 4,74
6,6 3,53 5,96
7,94 11,94 12,13
2,75 9,03 1,25
9,41 8,91 14,21
10,82 4,84 6,82
0,25 10,59 7,13
10,96 6,77 3,91
11,17 10,05 11,99
14,68 4,42 9,74
0,32 0,76 8,62
5,65 4,69 14,26
8,95 11,07 2,2
0,16 10,66 0,53
1,44 9,72 8,1
3,7 5,11 0,96
1,34 8,96 0,93
12,88 10,14 1,4
13,18 12,22 8,84
7,79 6,05 12,8
4,26 1,17 8,29
5,6 3,6 3,98
2,56 7,22 11,36
13,33 13,62 9,61