50
6
8,97 10,51 6,76 9,79 11,54 7,5
1,62 13,61 0,51 14,46 1,02 6,42
1,14 10,3 6,68 11,97 14,31 7,16
7,74 13,94 9,19 13,74 5,15 1,0
7,02 11,7 2,79 4,82 9,4 10,32
7,63 9,39 1,82 2,87 1,33 9,13
3,73 14,93 2,72 7,71 10,0 10,57
11,25 9,12 6,89 11,07 8,54 12,24
2,79 2,24 2,15 4,84 10,36 14,15
0,75 6,39 6,89 7,19 4,09 2,47
5,26 11,73 0,85 11,8 5,34 4,99
10,45 5,45 4,11 8,74 9,8 3,1
6,96 2,17 6,14 1,31 9,21 0,5
7,54 9,78 5,5 2,28 3,43 6,56
4,44 9,41 11,57 4,31 5,84 9,0
13,86 6,59 13,33 13,85 1,85 8,43
14,34 7,14 13,89 6,95 13,7 5,87
7,29 13,63 11,33 11,91 6,1 7,26
8,24 2,72 8,29 0,06 8,46 14,81
8,45 5,73 12,76 7,67 12,61 10,79
6,43 13,26 6,23 5,53 10,45 10,91
14,71 1,65 2,82 1,24 5,06 6,67
5,79 4,71 0,43 8,77 10,45 8,87
0,17 14,97 8,4 6,95 7,28 13,99
9,53 5,37 13,45 6,16 9,97 1,62
2,76 13,85 7,63 6,57 6,36 5,0
7,68 3,77 4,38 10,95 3,89 0,17
1,73 3,56 7,47 8,56 5,59 7,21
12,93 6,19 3,57 11,0 2,77 9,35
7,48 9,1 11,18 5,38 12,92 11,13
3,24 5,65 12,15 4,79 2,7 9,11
13,88 3,01 4,28 14,69 2,43 14,12
12,36 8,61 4,93 2,29 8,84 8,73
5,3 6,26 10,06 13,77 2,21 2,49
0,69 7,01 3,5 3,36 8,97 4,2
6,8 7,24 14,1 14,27 13,59 9,43
6,51 7,82 4,85 0,8 6,45 5,49
5,79 13,87 10,6 12,79 8,23 2,62
10,62 4,51 3,34 9,88 0,22 10,64
0,92 12,87 13,56 3,85 5,96 6,87
13,84 11,99 4,12 4,25 14,74 3,94
5,52 5,63 13,5 5,78 1,27 1,68
6,03 10,15 12,34 3,9 6,32 9,34
10,28 11,24 9,0 7,2 9,52 10,24
5,76 10,69 9,73 14,77 6,81 14,05
14,4 14,48 13,1 1,06 10,67 9,84
7,08 6,69 7,72 14,08 13,23 1,54
5,59 7,01 6,88 6,34 10,06 6,98
4,77 12,82 1,87 13,51 6,75 2,74
6,57 3,48 7,28 8,31 6,9 2,27