14
9
9,51 3,97 2,97 13,94 4,73 11,61 10,99 0,34 6,04
8,83 9,51 5,49 11,32 7,18 0,91 13,59 10,44 10,69
5,61 13,29 11,94 7,14 2,84 13,5 0,25 5,51 11,82
14,33 6,91 0,93 12,01 5,08 7,13 3,84 8,0 8,72
6,06 13,33 1,98 14,56 4,82 8,9 5,29 11,83 5,49
11,8 1,22 0,75 1,44 11,93 8,32 2,99 14,77 1,07
9,73 13,78 5,6 12,08 0,01 3,09 9,73 5,64 6,53
7,36 7,68 10,48 1,97 12,05 12,06 5,96 7,83 11,8
6,11 11,13 14,95 2,02 6,31 11,27 0,94 2,29 2,2
9,62 9,9 1,89 2,41 14,85 3,12 1,47 2,75 0,62
4,92 8,99 11,78 14,88 8,22 7,85 2,93 14,31 2,8
13,21 11,19 10,69 5,28 13,88 9,22 0,96 0,65 10,88
5,29 13,14 6,77 13,04 2,59 0,48 14,39 14,36 14,7
5,53 9,27 11,27 5,66 6,35 14,89 10,54 6,28 10,36