68
8
1,56 5,01 10,28 6,71 10,73 14,73 1,21 8,39
9,36 13,25 8,29 7,21 10,44 6,96 9,82 0,15
7,41 0,47 1,4 12,49 2,49 5,72 7,49 13,22
14,55 8,32 4,48 14,97 6,87 1,2 12,55 3,14
8,64 5,69 8,62 9,7 3,13 11,48 4,61 14,12
6,15 1,98 13,06 6,53 6,86 14,08 4,81 5,74
0,88 0,72 4,3 13,44 4,29 3,09 14,32 0,41
14,07 7,97 4,52 4,69 0,29 1,33 12,26 3,11
8,84 5,63 4,08 13,32 8,1 9,97 0,66 10,17
12,63 4,61 7,18 11,77 1,62 10,78 12,62 2,76
2,96 4,72 1,85 9,14 7,24 2,4 12,7 11,41
6,27 1,38 13,09 7,25 13,86 7,41 10,35 4,09
14,57 9,82 5,9 3,75 3,17 3,99 1,62 13,04
8,42 14,64 6,71 12,01 9,46 13,7 12,79 14,88
1,33 4,91 8,13 13,28 2,08 11,59 11,32 1,75
8,02 9,6 6,31 2,22 4,09 10,51 0,97 7,73
2,48 11,92 7,41 0,89 2,31 10,76 5,95 7,69
4,9 9,76 11,09 12,49 11,19 12,52 0,39 2,51
4,46 13,67 8,02 7,66 14,45 4,19 0,01 14,57
6,36 7,62 10,35 3,86 11,05 3,66 2,23 4,83
3,21 8,07 7,97 12,33 14,67 2,17 7,33 14,2
5,87 5,24 12,09 12,62 4,29 0,18 1,61 10,78
10,88 9,13 13,77 11,87 11,78 0,46 12,25 2,61
1,93 8,31 14,0 4,92 10,65 14,83 12,65 7,43
11,2 9,64 3,87 9,22 0,4 2,67 8,67 5,48
3,04 2,65 8,45 2,7 3,02 12,78 1,24 3,71
11,57 3,16 12,25 14,51 4,96 11,55 12,49 6,53
11,02 6,45 2,2 0,79 14,61 9,73 5,72 0,36
2,19 0,82 10,53 11,76 5,09 14,35 0,66 11,49
12,32 5,57 6,5 0,75 6,49 12,29 12,65 5,61
5,38 0,33 4,48 12,46 6,21 3,5 9,51 3,5
12,33 10,84 3,4 5,4 14,19 10,15 1,68 5,45
7,6 11,57 3,92 7,23 11,36 3,43 2,14 10,4
13,56 11,77 12,5 1,23 14,29 12,51 0,54 10,61
6,14 5,3 14,15 12,75 11,22 0,65 7,46 14,19
7,53 10,45 0,59 4,76 0,03 13,6 6,75 3,95
5,71 0,79 6,6 4,82 4,82 7,09 5,65 9,68
10,22 7,66 9,57 7,68 10,62 2,92 13,73 2,23
10,96 11,42 9,86 5,44 2,34 7,53 10,49 11,57
0,15 12,83 9,75 4,12 9,93 9,17 4,84 5,46
3,27 4,87 13,37 6,42 6,0 5,4 13,3 2,08
1,14 0,26 4,39 0,75 6,79 4,35 2,35 13,25
13,18 3,82 0,96 10,08 13,08 0,64 1,66 5,33
12,87 3,84 2,43 1,77 1,79 4,23 4,96 12,52
4,8 2,15 12,24 11,0 13,6 9,99 3,95 11,6
2,09 6,53 6,56 11,83 10,52 6,1 12,33 8,34
6,94 7,26 5,75 10,44 6,71 5,46 0,12 10,85
14,45 6,59 1,19 4,23 11,29 8,5 6,11 0,29
14,87 8,19 0,76 5,12 2,26 3,72 12,82 4,58
1,41 5,09 13,37 9,32 7,0 11,12 3,2 2,31
8,83 1,87 4,32 8,7 2,52 4,8 8,43 2,62
1,53 8,57 2,47 4,13 4,16 10,05 6,62 5,4
5,64 12,4 9,09 12,32 5,27 4,93 2,31 5,96
11,29 2,06 8,61 9,23 3,8 9,62 1,38 11,82
8,9 1,21 7,05 1,78 9,77 13,01 1,94 7,69
8,34 9,0 12,34 0,94 9,48 14,68 12,99 1,5
1,83 6,49 0,68 12,67 6,68 5,69 13,25 5,23
8,79 4,4 2,87 13,2 0,95 7,91 14,0 7,49
11,35 6,45 2,98 12,77 10,69 0,27 0,55 2,96
12,74 6,17 7,1 5,66 10,89 7,98 10,87 8,36
6,91 6,58 6,98 3,13 8,61 4,89 13,71 5,78
2,46 14,29 1,6 5,65 9,57 12,29 1,6 11,86
10,74 10,38 10,24 9,99 8,11 10,17 7,39 11,08
0,4 8,22 8,77 9,44 7,4 14,53 3,1 3,1
4,67 14,42 13,73 7,76 0,15 2,49 9,93 0,13
2,31 5,0 0,84 5,38 10,67 1,78 13,38 5,7
13,98 11,02 0,0 0,53 7,51 14,31 5,22 5,08
1,83 3,76 14,51 9,31 0,13 4,11 12,13 4,48