167
3
7,9 3,76 13,15
9,6 9,34 7,95
3,48 14,27 10,3
6,51 13,37 13,35
13,33 13,79 6,96
14,46 13,48 3,18
1,11 1,68 14,63
12,38 5,28 14,23
3,05 0,89 0,49
3,16 6,85 8,81
1,04 9,28 5,96
13,72 13,46 1,25
13,29 12,78 5,56
0,29 13,07 11,15
2,85 7,02 4,94
14,58 5,59 6,26
1,55 10,94 0,99
0,4 9,47 12,05
10,87 9,09 8,17
1,17 5,69 6,96
14,89 12,14 10,49
8,07 12,88 4,21
1,94 5,81 13,98
6,2 7,69 1,05
12,04 3,23 5,18
11,14 11,21 0,33
13,55 7,31 9,28
4,78 12,42 7,11
11,44 13,83 12,05
1,48 3,48 4,79
14,86 4,45 7,4
11,62 8,69 3,56
3,7 0,77 12,46
6,75 12,17 13,28
0,19 11,02 8,36
1,58 12,74 9,92
10,69 12,24 12,21
0,48 1,91 12,41
12,7 13,35 9,84
1,28 14,79 8,67
2,69 14,44 11,32
10,65 1,5 14,97
3,64 13,71 11,64
10,93 7,24 2,29
8,04 5,55 10,16
5,55 2,68 12,87
12,31 12,62 1,39
5,77 10,61 10,59
8,98 4,71 4,71
14,62 10,96 0,14
9,99 6,96 10,69
14,27 4,11 11,5
14,79 8,41 13,27
1,76 9,23 1,86
4,32 4,16 10,07
8,28 13,14 1,79
10,03 14,83 4,18
12,64 6,12 4,15
10,98 11,88 10,06
10,67 11,43 7,39
2,46 12,31 4,97
0,14 6,12 2,07
11,88 6,52 6,42
2,16 12,41 12,95
4,71 1,15 8,67
10,26 10,44 11,4
1,21 12,89 13,6
9,81 8,66 11,78
2,8 7,62 14,62
3,53 0,69 8,89
1,81 12,71 3,92
7,71 6,94 8,6
4,53 0,38 2,38
14,06 2,52 9,31
2,69 5,72 8,66
5,8 14,58 14,82
7,06 12,59 11,89
12,65 14,07 6,54
6,64 8,36 12,33
0,96 11,49 10,64
1,45 9,06 8,9
10,27 8,44 5,45
8,62 2,93 8,61
12,95 4,84 8,62
7,4 4,44 8,23
4,83 6,57 8,86
4,17 1,23 13,52
12,72 13,28 7,03
12,88 12,72 1,48
10,58 0,96 3,16
12,95 11,16 3,58
13,24 9,97 14,15
3,5 14,65 1,38
9,63 10,29 8,27
4,2 5,36 11,67
9,83 4,91 1,41
10,6 4,88 6,08
1,54 14,34 13,95
13,53 3,97 0,24
5,41 1,87 11,37
0,81 12,32 0,48
9,77 5,51 8,51
0,59 6,31 13,66
12,87 10,59 1,92
0,76 5,59 9,86
6,37 1,6 7,24
0,84 3,76 2,03
0,22 4,64 12,31
13,41 8,45 8,62
0,38 8,17 9,39
10,01 12,36 14,34
8,73 7,59 4,57
3,08 3,89 0,98
10,18 9,6 14,92
5,6 0,51 8,26
9,09 9,77 7,93
1,18 7,94 12,41
11,9 0,32 11,12
8,03 9,57 9,22
6,41 12,63 9,81
11,34 0,42 11,24
9,27 10,5 12,1
7,46 10,06 6,79
8,52 7,47 13,7
6,55 12,35 6,85
2,06 6,83 10,97
1,99 11,75 7,04
11,76 6,13 10,77
12,3 12,18 13,75
6,49 7,21 7,39
11,93 6,31 7,6
0,83 10,75 13,52
1,55 2,64 2,27
0,8 1,15 6,58
6,83 5,14 13,25
14,14 5,02 6,28
0,64 13,32 8,3
10,14 10,14 7,47
11,29 5,75 9,1
3,12 13,91 1,02
5,2 8,81 14,53
7,51 4,5 3,12
1,17 10,03 1,04
2,33 3,12 13,27
5,91 13,06 11,31
11,85 4,35 13,53
14,05 4,56 3,18
3,71 6,81 9,96
14,39 2,13 3,21
3,35 6,22 1,48
5,33 2,98 14,3
10,68 1,6 5,49
8,18 14,0 12,46
4,81 11,48 6,0
9,8 7,86 10,6
8,38 11,22 9,71
5,61 12,3 8,18
7,46 14,04 8,79
6,45 5,47 0,39
10,95 3,54 7,57
10,61 3,53 0,81
1,52 2,24 7,32
6,74 6,32 10,72
4,56 5,54 3,49
12,92 8,72 7,28
13,59 9,3 12,52
14,82 8,18 11,2