62
4
6,56 11,33 7,49 11,62
2,41 11,48 4,08 5,69
8,79 2,94 8,94 13,57
14,36 11,64 0,06 7,75
1,67 11,08 14,16 14,14
6,76 4,8 12,71 8,72
4,35 13,42 9,8 4,18
0,38 14,83 7,58 3,67
7,27 8,1 13,26 14,35
2,8 0,24 6,65 8,28
12,31 8,16 13,85 4,19
7,97 11,83 5,73 6,41
0,11 7,67 6,24 12,65
6,29 11,01 5,16 9,88
2,33 2,29 14,99 7,32
0,77 10,6 13,11 4,6
8,86 10,55 8,38 10,94
11,86 6,52 5,48 5,57
7,72 4,01 7,17 2,14
4,0 2,46 7,24 5,2
7,93 3,08 5,49 2,53
6,94 1,49 12,72 0,8
2,61 2,73 2,63 3,23
13,94 1,55 8,47 4,79
9,07 3,29 2,94 1,9
14,17 7,34 2,16 3,81
6,71 5,34 6,55 12,58
5,49 1,19 9,23 11,19
3,44 5,92 9,6 7,05
6,18 11,0 10,78 0,68
12,67 11,41 2,21 12,2
2,26 14,67 5,96 2,94
0,84 14,79 3,13 3,35
10,96 11,48 11,23 3,28
3,79 0,59 8,32 10,06
14,41 13,18 13,4 12,08
14,03 13,53 7,81 8,08
8,6 10,43 12,29 4,9
12,05 9,27 8,63 6,11
6,51 11,09 2,33 2,87
1,16 7,53 11,72 6,99
10,0 13,97 13,55 1,91
14,0 11,26 14,28 10,47
11,71 12,14 5,05 8,55
3,54 1,46 1,03 6,32
13,24 4,41 4,75 11,7
13,68 1,47 13,92 5,49
11,67 8,2 9,17 10,73
3,74 1,3 10,62 9,12
9,34 3,63 4,02 8,83
12,93 14,39 11,33 8,03
8,08 0,88 5,07 9,91
6,68 12,61 8,51 11,34
0,22 12,85 3,36 9,08
5,86 1,1 2,17 11,95
13,29 6,15 5,85 3,65
9,3 4,09 14,22 5,34
7,1 3,5 13,61 13,54
14,25 11,96 10,87 8,64
12,86 4,28 14,39 2,77
0,1 11,93 4,11 5,85
11,09 7,89 13,2 13,37