96
3
7,5 10,0 3,77
0,9 11,17 11,71
0,91 12,8 13,97
9,39 13,66 10,96
11,97 1,53 5,28
0,77 7,46 7,76
3,8 1,1 5,58
10,11 3,12 12,24
10,49 13,49 7,87
12,86 11,71 0,01
14,09 2,99 0,57
6,67 5,16 9,78
4,22 6,05 6,46
14,05 4,26 4,79
10,81 1,43 12,79
9,81 13,06 12,84
14,3 10,05 7,0
12,8 13,2 1,59
4,99 8,84 4,11
12,18 6,84 7,06
12,07 14,21 1,6
7,2 7,07 10,0
4,44 9,93 12,07
10,05 12,59 11,07
0,31 4,72 2,89
8,3 13,18 0,98
12,08 13,2 14,42
3,88 13,52 14,65
8,17 4,27 12,64
11,55 5,53 9,4
3,51 1,94 8,68
10,32 13,76 14,77
9,33 1,91 6,79
9,07 4,48 1,47
2,88 14,88 14,31
14,21 2,4 7,72
5,4 13,24 1,93
7,41 6,89 13,12
2,5 6,78 7,92
9,19 9,89 10,03
0,03 2,41 4,37
9,81 12,47 8,21
13,44 14,85 1,62
11,15 2,28 10,39
7,62 8,3 6,34
12,45 4,1 4,7
7,11 2,21 9,96
4,3 11,7 6,08
4,79 1,54 0,69
8,76 7,59 12,61
2,19 10,21 6,99
4,05 8,88 13,38
2,61 13,56 14,26
13,55 3,4 8,33
13,4 4,08 6,99
11,7 12,88 14,83
10,7 7,53 4,1
6,58 3,71 12,36
6,21 14,8 10,23
2,15 10,3 1,59
13,29 12,39 11,74
5,56 9,15 11,73
13,54 9,74 10,23
6,36 4,19 9,27
12,82 1,29 6,12
12,05 13,56 0,06
9,36 5,33 11,34
14,49 1,58 0,75
5,68 6,26 9,71
9,03 11,9 8,79
12,56 4,94 11,23
1,14 13,28 9,85
2,6 1,03 7,8
6,71 11,97 11,19
13,23 9,24 12,87
12,92 1,0 9,81
8,24 4,93 13,88
0,98 6,77 13,44
9,99 2,09 10,36
13,62 7,69 12,09
12,99 5,99 5,83
2,16 2,74 3,5
6,97 2,45 12,03
9,83 12,77 5,28
8,91 13,12 12,93
2,31 3,42 7,17
6,28 7,8 0,76
8,59 12,2 3,15
8,35 5,25 1,57
3,87 5,92 13,44
12,62 12,91 5,89
6,99 7,91 3,49
6,6 7,71 4,12
10,66 3,05 5,01
7,96 10,08 7,87
10,23 6,4 12,63