198
4
11,58 5,06 13,2 6,59
11,22 10,68 5,11 3,91
6,67 9,82 9,95 0,49
6,82 8,6 3,31 0,58
3,48 3,29 13,75 12,41
12,71 14,95 8,61 6,66
14,29 6,0 4,81 2,74
1,43 14,73 1,63 10,94
0,51 5,78 10,51 11,46
7,65 14,09 4,45 7,52
14,72 4,36 9,34 7,65
6,67 1,46 6,75 10,82
8,73 7,8 5,67 3,16
7,28 3,97 2,25 0,5
10,28 11,8 2,62 6,8
1,36 14,61 3,99 9,81
10,39 5,7 13,29 12,65
12,69 14,53 11,31 2,48
8,09 5,16 7,08 3,36
14,69 14,59 11,21 8,23
5,27 6,21 1,85 3,34
9,15 2,11 6,24 6,81
2,24 3,78 13,72 1,51
0,4 6,32 12,08 8,8
13,43 9,3 14,76 10,59
13,65 11,55 14,18 5,96
0,94 0,34 13,62 14,96
9,65 4,01 8,07 12,32
14,28 10,96 11,66 5,83
3,43 1,8 14,85 0,25
4,66 8,11 1,12 12,4
10,38 6,87 14,46 11,59
12,07 9,59 2,48 6,2
4,35 5,7 5,19 0,64
9,14 14,36 3,71 1,38
5,09 10,65 9,01 9,32
11,93 7,12 9,07 2,59
11,14 6,66 12,99 6,16
11,97 13,78 0,05 14,69
5,24 10,42 12,53 12,71
12,18 8,38 4,06 14,75
13,02 3,99 14,89 1,28
6,21 14,54 5,34 8,98
0,84 4,73 4,41 8,12
3,15 5,51 4,6 5,59
8,3 14,22 10,55 7,97
3,16 3,43 14,61 5,1
0,41 2,04 1,3 4,81
11,6 6,69 0,23 4,08
10,78 6,03 2,85 5,82
0,46 9,88 0,75 9,99
7,95 11,81 0,01 11,52
11,07 8,08 12,32 2,6
0,68 1,32 3,72 1,8
14,38 2,21 3,49 13,92
9,77 8,01 7,19 4,34
7,55 10,25 1,17 9,84
5,05 4,58 11,74 6,42
12,46 11,75 7,02 10,33
8,8 6,46 0,0 8,38
14,14 7,95 8,87 0,98
0,99 6,06 5,79 10,24
10,74 3,21 2,19 8,39
4,65 0,59 0,6 2,96
0,02 5,45 7,97 14,28
14,88 11,77 2,03 12,3
8,1 10,33 12,11 7,3
1,01 1,11 14,11 14,45
3,08 12,39 7,46 14,67
5,27 9,0 6,79 13,52
8,26 14,38 4,31 13,38
5,77 12,57 8,61 13,41
4,62 7,6 7,45 1,37
14,73 0,06 4,08 6,6
7,94 9,14 11,75 10,32
6,11 4,89 3,22 1,97
8,32 5,94 13,79 7,85
9,12 14,89 9,66 10,54
5,75 9,76 10,93 7,24
9,27 2,29 8,01 9,28
2,47 12,01 14,28 1,03
14,02 8,08 10,68 5,28
1,52 10,88 4,97 8,78
5,65 13,58 9,19 4,91
14,93 5,05 12,37 10,28
5,79 3,29 11,51 6,66
14,45 4,74 9,74 0,79
12,84 4,24 1,18 8,73
4,75 12,89 8,9 1,28
10,1 1,65 2,27 11,3
2,74 5,23 13,08 3,74
14,49 0,98 14,32 4,4
0,23 7,77 14,55 3,11
6,92 13,3 9,98 9,0
7,42 5,49 13,97 4,19
12,03 3,01 5,64 14,58
2,45 6,22 9,67 10,91
5,16 14,49 12,57 2,47
4,99 8,17 0,87 3,91
10,67 3,68 5,17 7,47
7,18 10,7 1,41 10,77
3,95 7,87 11,88 2,6
14,56 8,3 9,29 8,64
11,46 12,22 11,13 6,79
7,93 4,3 3,18 0,57
2,72 4,5 8,16 12,23
7,09 1,86 8,48 7,6
11,27 14,21 1,9 10,87
5,3 14,53 13,23 9,05
1,75 3,96 3,14 0,52
12,19 14,29 2,98 5,34
14,77 4,6 0,19 6,96
7,21 1,64 8,19 2,99
2,86 6,33 14,08 2,69
10,74 2,64 14,75 9,61
2,51 11,55 4,62 6,24
14,8 13,35 14,33 2,14
14,85 8,14 0,65 13,02
5,62 10,01 13,14 5,08
0,86 13,63 6,38 12,34
13,81 0,49 7,49 13,9
14,67 13,38 3,59 2,01
0,21 14,11 2,82 10,02
8,37 8,83 11,69 14,33
2,7 12,09 9,4 11,78
8,23 2,68 10,75 13,77
9,7 3,21 12,03 10,52
4,31 7,78 0,52 3,78
14,69 11,06 6,19 7,14
4,98 5,51 6,61 3,15
5,21 1,81 13,14 0,32
7,82 9,38 14,2 1,92
5,74 6,21 12,37 9,1
14,86 11,95 9,31 6,13
13,78 12,27 7,89 9,35
2,46 6,75 14,11 3,93
12,61 5,25 9,94 12,6
7,13 7,09 3,59 10,77
6,67 12,61 12,16 5,59
11,14 14,32 13,16 4,4
11,08 11,01 5,92 8,42
12,86 11,54 6,81 0,68
10,62 2,12 12,56 14,4
1,02 5,95 9,91 13,52
11,11 3,67 2,28 6,69
11,37 9,9 13,25 12,46
12,76 13,49 4,64 8,64
11,16 6,24 9,02 4,36
11,7 7,36 1,99 9,8
10,34 12,78 2,69 3,21
12,02 2,19 5,71 5,03
12,74 2,76 6,35 10,9
13,81 13,73 14,72 8,22
8,75 8,76 2,38 13,37
7,32 4,34 13,21 12,66
11,16 10,85 5,4 3,3
13,39 7,92 13,99 11,52
12,89 8,17 7,23 0,12
10,32 7,86 14,33 2,49
4,92 11,43 0,71 11,31
2,12 3,74 9,62 7,2
0,08 1,14 3,29 1,59
8,83 6,7 12,49 5,05
13,84 10,31 3,54 7,7
5,02 6,09 7,53 2,45
0,03 12,3 11,27 1,16
12,82 2,18 9,11 5,24
5,16 3,11 9,9 10,97
12,9 10,67 9,84 5,23
3,64 7,02 11,38 5,03
9,56 2,26 8,47 10,75
14,29 13,61 2,3 14,88
2,73 13,85 4,8 10,24
1,19 5,92 3,39 4,13
2,02 14,84 2,04 3,59
3,46 9,21 14,01 6,42
12,8 4,79 1,37 11,07
1,67 3,28 10,56 9,75
1,89 3,51 7,87 0,4
0,63 5,58 11,6 11,78
1,97 10,59 10,19 1,5
5,67 5,37 12,6 0,11
12,81 1,92 0,12 13,02
3,38 5,67 14,03 5,15
4,57 6,44 8,95 10,06
8,51 13,96 3,74 10,57
9,44 6,22 13,46 10,31
14,88 14,55 1,6 14,38
3,61 2,19 2,51 3,55
5,6 10,52 3,71 6,57
10,85 8,71 14,86 1,43
12,45 8,17 11,66 5,11
14,36 2,85 6,57 6,93
14,73 2,34 9,71 7,75
13,59 0,31 3,41 14,82
1,9 5,28 0,46 10,63
13,52 7,37 12,05 3,31
7,91 8,17 12,86 11,14