103
7
7,95 2,0 0,16 14,34 10,28 8,65 3,26
14,59 7,43 12,82 14,06 5,26 3,05 2,6
3,03 1,19 13,6 12,42 12,51 8,57 0,95
4,25 0,72 5,13 8,85 8,42 9,39 13,19
5,48 0,28 4,42 1,64 2,8 4,9 6,92
10,34 5,88 12,78 1,58 1,22 7,15 3,75
14,11 11,25 7,49 5,16 11,25 13,76 6,01
8,36 3,73 0,92 3,2 7,41 11,43 13,07
12,42 7,82 4,98 7,04 7,45 8,63 0,84
14,69 4,04 9,52 14,84 2,83 2,77 8,85
1,21 6,38 13,04 11,86 7,48 2,02 2,45
12,07 12,03 11,3 0,01 9,01 10,78 8,3
3,07 10,15 1,42 9,19 6,25 13,0 10,0
0,13 13,79 5,55 7,26 3,58 14,99 13,07
5,88 1,06 11,7 1,98 11,29 9,37 8,08
4,9 0,39 14,68 11,06 6,87 2,91 11,21
7,3 8,47 2,33 0,06 7,14 8,09 5,84
13,79 3,59 4,74 3,48 10,64 14,35 8,22
12,32 12,26 9,79 13,83 10,48 3,69 4,4
12,55 11,98 9,12 0,5 4,77 7,0 3,91
4,65 10,72 2,77 9,75 13,42 6,93 11,5
6,13 11,51 1,06 13,57 9,63 10,34 2,57
11,81 12,87 0,25 3,08 4,49 12,54 11,81
6,01 0,41 14,19 0,97 11,95 10,13 0,04
2,95 14,73 10,62 3,29 14,88 4,37 3,75
11,37 13,06 4,0 0,43 5,62 0,6 11,19
11,32 5,01 4,84 11,07 13,53 3,62 1,58
14,28 1,81 9,63 12,06 13,8 13,9 12,33
7,4 4,4 7,74 1,2 13,46 5,88 0,39
8,04 9,72 12,86 3,85 1,85 6,58 1,46
6,99 14,81 0,07 11,12 2,2 14,42 10,38
3,56 6,82 8,38 7,41 5,25 9,97 3,7
14,39 1,78 13,91 0,75 13,72 4,34 7,23
12,86 1,94 8,52 1,09 1,33 14,72 1,96
11,0 0,64 5,04 6,5 2,0 1,64 1,32
4,24 9,63 7,83 1,87 3,0 10,15 4,68
5,75 14,46 9,07 6,07 6,67 0,27 13,78
11,31 3,7 5,46 0,21 10,05 7,29 8,61
9,04 8,29 9,92 1,72 11,01 10,03 2,22
11,73 4,85 10,49 10,48 11,44 4,77 5,44
2,95 7,93 5,09 11,42 14,55 7,39 12,24
5,43 9,95 0,15 9,43 1,8 3,47 14,34
5,48 4,74 5,67 0,11 12,37 3,58 10,43
11,79 2,35 1,27 10,54 7,83 3,0 13,1
11,04 13,04 11,27 4,48 3,65 10,45 0,02
5,09 8,17 5,91 5,54 9,34 7,9 4,32
5,19 12,12 1,88 6,36 10,23 5,03 4,7
7,53 8,2 0,73 2,11 12,46 11,21 1,77
10,43 10,04 13,41 2,87 0,94 10,0 7,28
1,06 1,62 3,54 4,0 1,41 12,07 9,22
9,72 10,33 12,27 7,97 6,51 11,5 1,34
8,19 1,13 3,68 11,3 3,53 8,73 13,59
14,06 2,65 5,82 2,29 2,38 4,16 3,71
7,99 11,59 12,38 5,28 5,23 12,72 3,34
5,88 14,93 3,12 13,16 12,89 7,28 4,53
7,34 3,88 8,18 11,68 14,53 12,5 9,71
0,31 13,51 14,18 12,71 9,47 6,82 2,02
2,06 11,92 14,59 3,07 9,16 6,52 11,67
9,94 3,92 7,43 10,07 6,74 5,52 0,35
5,73 11,56 9,41 3,32 0,58 14,35 8,52
7,01 5,14 4,28 4,87 3,96 9,45 7,08
12,75 11,26 1,42 6,6 10,19 0,02 13,65
6,71 1,6 8,58 14,61 1,35 6,82 2,96
3,53 11,14 8,72 4,43 3,26 12,45 10,8
4,13 12,7 2,16 11,3 10,49 0,73 1,04
2,83 3,22 11,13 9,63 6,77 6,52 3,28
10,69 7,41 0,39 9,41 0,23 3,12 6,6
5,07 5,82 0,92 4,11 6,27 5,69 10,18
11,25 13,49 7,28 9,0 5,93 3,47 14,76
11,6 9,14 8,7 8,02 4,41 0,25 7,75
5,31 6,86 13,83 8,32 1,32 13,94 6,63
14,11 4,98 11,88 14,46 14,92 11,71 11,2
13,38 14,33 9,5 2,38 12,35 5,01 6,68
1,97 4,69 2,47 13,79 5,77 9,71 6,87
12,47 8,45 13,79 1,2 13,79 0,05 11,02
9,27 14,07 7,94 12,51 2,54 14,51 2,09
14,59 5,01 13,95 6,86 11,25 1,18 3,32
11,59 3,85 14,32 13,72 7,76 6,65 12,6
6,04 3,92 3,51 10,79 2,18 0,18 5,35
7,55 9,04 6,77 11,87 0,25 7,97 7,41
5,63 3,54 0,59 5,69 3,12 5,59 3,8
3,47 4,28 9,14 8,37 13,93 4,42 14,82
5,78 9,62 9,98 0,96 4,95 5,87 3,57
6,71 11,85 10,05 6,0 3,12 4,98 12,64
14,4 0,39 1,49 2,31 14,1 13,85 1,2
10,94 0,02 6,97 6,68 11,06 13,01 5,32
4,66 12,58 3,03 14,52 0,29 0,35 9,72
11,61 4,95 7,08 5,81 14,32 4,82 0,21
1,86 6,6 8,08 14,38 9,55 14,48 9,48
3,29 8,61 12,25 2,11 2,56 0,73 2,9
2,83 0,89 7,81 14,2 2,88 5,68 2,37
8,68 5,63 1,73 9,3 0,23 0,65 4,12
2,68 1,73 9,38 8,12 9,39 10,76 9,78
13,65 13,28 12,6 14,42 11,03 13,52 14,39
2,18 1,23 7,88 6,21 2,57 5,58 6,85
11,48 5,08 6,89 11,18 3,96 14,55 14,59
1,44 3,13 9,21 1,66 0,57 4,13 8,27
11,85 7,21 5,8 10,24 9,76 7,42 10,02
5,28 4,1 2,17 1,51 2,65 2,37 5,24
14,06 13,52 6,59 10,63 7,13 14,26 3,62
13,25 7,28 13,82 6,03 8,91 6,37 4,21
8,05 7,42 11,35 0,64 10,35 12,83 4,53
5,93 5,34 13,85 2,52 3,05 1,19 1,84