27
4
6,92 14,03 4,54 10,68
10,95 13,89 1,99 3,03
6,56 12,76 8,38 14,65
2,39 12,06 5,18 6,6
7,12 13,29 2,47 5,63
12,3 14,3 14,21 9,43
6,91 8,98 7,08 5,94
0,29 6,15 7,78 10,41
6,28 14,96 10,58 7,27
9,35 5,78 3,74 12,03
0,57 2,43 1,06 9,87
8,86 3,91 4,61 8,77
1,96 3,43 12,13 12,52
8,73 4,61 9,21 2,34
9,64 1,99 10,23 11,76
2,69 13,89 12,64 0,52
0,24 1,89 0,1 13,91
3,28 7,3 7,1 13,64
14,62 0,76 14,45 1,56
8,6 1,06 0,78 7,34
12,13 12,79 7,61 11,76
1,19 3,8 1,7 9,68
4,12 10,94 8,32 13,77
3,0 9,64 8,13 13,7
1,05 5,96 7,59 4,38
12,07 9,86 6,11 10,18
4,13 1,88 2,77 3,26