166
6
11,92 11,62 0,1 0,82 7,71 0,79
10,59 3,7 1,86 0,1 6,77 2,66
3,15 5,32 5,96 13,99 3,81 3,61
7,28 4,83 2,69 12,8 2,48 8,33
10,62 13,84 1,56 4,6 2,12 2,3
0,2 2,85 13,68 13,79 12,51 14,26
3,13 6,41 14,42 9,16 11,21 7,78
9,89 6,16 1,03 7,86 9,07 5,21
5,33 1,66 2,72 6,79 4,79 1,73
13,15 14,54 1,08 3,1 12,52 11,64
14,17 2,77 0,2 4,09 11,65 13,02
6,88 8,26 3,98 11,8 10,3 7,91
6,94 2,79 12,71 0,18 0,28 13,63
12,35 14,2 6,93 1,65 13,9 14,03
11,16 6,44 3,4 5,34 0,61 9,09
14,25 4,39 8,29 5,32 6,2 6,01
12,5 4,87 1,36 12,22 2,53 4,45
11,54 9,39 14,55 3,82 10,43 2,62
6,58 3,21 0,63 0,84 3,1 6,85
6,36 13,0 6,18 10,0 8,94 2,02
13,33 7,96 11,73 3,69 7,67 7,41
11,41 0,19 1,05 11,04 13,64 8,04
0,29 6,87 12,82 7,03 4,59 4,16
14,79 6,34 1,72 2,23 1,25 12,78
0,99 5,47 3,04 7,73 2,09 8,53
0,11 2,25 0,6 4,77 12,68 6,94
3,33 14,25 9,5 0,74 7,88 10,11
6,58 10,8 11,91 8,88 9,2 9,5
3,53 13,58 0,21 8,31 1,55 8,88
1,84 13,93 2,96 10,24 4,22 6,88
12,23 5,89 6,23 8,7 2,0 6,46
2,53 12,07 12,42 9,42 9,03 7,69
7,74 11,39 12,39 5,85 6,9 3,78
2,93 1,26 9,12 2,75 2,19 13,01
10,59 12,76 11,13 2,42 4,36 14,98
14,21 10,86 7,51 8,2 1,51 12,48
8,17 2,68 14,29 4,39 12,79 11,25
8,43 3,63 12,71 7,83 1,5 9,87
7,51 0,91 11,2 12,84 1,55 0,55
7,58 14,26 0,22 13,44 5,05 3,33
13,11 14,15 11,31 4,27 5,52 14,29
3,9 7,2 8,65 10,94 12,08 8,91
0,11 9,43 12,14 11,5 11,6 14,26
2,09 13,47 11,44 6,74 10,56 3,44
1,47 0,71 4,3 12,0 4,71 9,39
12,92 3,14 2,15 10,16 11,65 0,78
6,57 6,42 14,61 11,58 1,93 9,34
8,18 3,77 4,26 11,93 2,54 11,02
4,5 1,73 6,75 10,4 8,57 2,53
0,32 8,39 12,35 2,63 9,03 11,59
7,63 5,9 1,59 4,21 2,62 11,07
1,65 4,58 12,89 14,24 8,06 5,68
3,6 6,32 2,44 4,95 8,53 1,08
11,88 12,03 10,41 4,28 4,32 3,33
6,27 3,64 10,03 0,78 1,9 4,11
12,91 2,35 6,77 12,35 1,5 6,24
4,7 3,53 8,8 4,23 5,07 14,26
1,58 3,97 3,94 14,37 8,16 10,24
7,15 8,22 2,12 3,94 9,37 0,48
9,02 4,55 10,55 1,44 2,37 13,43
7,23 14,11 1,69 6,79 13,89 5,38
13,32 1,49 5,65 10,05 13,93 13,91
9,52 13,39 7,61 14,07 8,19 0,05
13,4 4,2 4,3 5,83 2,55 7,76
4,53 1,87 0,48 3,13 1,76 1,98
12,34 11,55 0,86 13,69 8,04 12,61
4,76 7,36 6,88 10,86 4,4 13,37
11,03 11,05 3,26 11,67 10,92 10,95
14,97 1,77 3,97 14,82 11,19 6,31
3,34 4,98 10,19 5,84 10,16 0,42
13,12 8,13 4,82 4,56 9,29 9,72
13,74 1,46 2,73 14,21 13,81 5,11
13,91 2,38 2,41 8,13 5,98 0,19
7,82 13,87 9,83 2,94 11,03 9,17
3,32 8,85 14,42 2,4 0,03 8,66
9,46 4,81 0,56 13,92 13,07 11,11
5,89 4,01 4,13 3,65 1,0 1,38
12,49 14,71 8,58 12,5 8,69 8,84
8,7 9,92 11,82 13,15 7,65 3,76
13,44 7,8 5,98 3,19 1,43 13,14
1,33 10,02 0,25 12,44 13,41 4,94
0,24 0,92 1,29 0,21 12,21 5,03
7,96 2,1 10,59 2,99 14,7 13,13
14,11 8,41 2,71 4,06 14,31 7,55
8,75 3,98 1,75 7,79 6,29 11,88
3,64 11,45 5,46 13,3 7,44 6,05
5,14 13,78 13,51 6,71 2,25 14,6
9,62 12,46 14,29 10,74 4,96 7,73
6,69 11,92 7,95 8,12 13,31 14,93
3,28 11,33 13,31 10,86 12,32 4,77
2,91 12,1 4,58 13,29 7,88 14,22
9,17 14,49 14,78 12,31 6,98 9,23
12,51 5,78 0,34 0,06 7,31 9,81
8,5 10,65 11,04 6,27 3,3 12,21
4,44 2,45 8,78 0,99 14,15 1,52
1,58 1,67 3,23 3,75 4,69 8,1
11,45 12,26 4,94 8,85 10,89 1,69
7,35 8,88 8,32 9,21 9,54 8,22
9,35 7,38 4,98 8,17 6,62 13,53
4,4 7,87 10,49 2,81 5,26 2,31
13,56 1,41 5,67 1,31 1,21 0,65
8,3 7,54 9,3 5,8 7,92 2,66
5,03 10,76 0,86 6,11 3,76 0,23
7,12 9,65 5,73 9,29 4,09 12,25
1,49 11,58 6,52 14,74 4,48 13,59
13,19 9,2 9,58 3,04 7,14 1,02
10,8 0,52 3,72 3,03 7,16 9,11
8,3 0,21 10,7 7,12 9,92 11,82
12,14 8,03 14,97 0,71 3,18 6,06
5,06 6,85 13,75 6,45 9,85 6,83
5,91 5,87 11,87 4,42 11,24 11,24
4,41 3,42 5,02 7,83 9,15 2,63
11,94 13,8 11,26 13,88 10,05 1,6
10,42 3,76 10,88 11,82 2,57 0,62
4,72 13,55 11,08 7,9 13,26 5,29
9,21 8,93 2,14 5,54 10,59 12,17
5,0 1,57 4,45 1,11 7,38 1,01
2,3 11,58 10,94 4,65 11,53 0,43
8,46 6,36 6,16 5,15 7,01 2,8
8,97 1,59 5,08 3,64 2,42 10,7
1,61 1,23 10,09 2,05 13,41 7,58
0,22 5,09 0,25 1,8 9,92 13,05
14,66 1,63 0,66 1,45 8,2 5,24
13,93 9,43 13,08 4,09 4,59 10,77
1,29 8,49 3,62 10,0 2,52 6,07
5,61 2,88 5,45 10,04 8,03 6,92
8,63 8,97 12,45 0,38 12,34 3,96
6,67 9,98 9,94 3,97 14,09 9,73
0,08 12,06 8,39 12,51 10,3 8,48
10,99 4,17 6,01 5,68 1,8 13,02
5,51 13,6 6,97 3,41 6,44 4,8
13,56 1,07 2,85 5,76 14,93 2,12
12,02 2,9 1,15 2,78 6,08 10,71
10,33 9,49 11,92 6,26 8,08 1,15
9,16 5,38 12,78 5,21 9,35 6,33
5,04 5,75 14,8 10,03 3,65 9,61
2,16 11,54 14,5 9,9 4,56 1,15
13,82 5,02 0,67 14,05 12,78 6,82
0,39 13,53 14,33 1,37 14,27 2,42
1,57 9,94 6,68 5,8 2,92 0,77
12,1 3,14 5,28 5,7 5,64 6,98
4,61 0,59 10,83 2,51 13,81 1,15
1,44 6,94 7,76 13,66 1,14 8,6
11,45 2,74 12,73 13,28 10,05 10,75
0,36 3,97 8,59 2,21 11,57 5,24
11,89 11,16 5,31 10,31 4,23 1,51
11,46 11,65 13,65 10,33 5,36 6,48
11,85 13,95 6,47 2,88 5,14 3,58
5,36 5,64 11,55 4,25 1,76 0,02
4,43 1,82 0,33 0,88 2,16 13,83
9,87 14,69 5,72 3,72 1,62 12,47
12,47 12,09 9,75 6,91 13,85 11,29
1,9 6,01 5,05 5,55 3,83 14,61
2,34 8,79 3,78 14,5 11,56 3,72
14,29 6,74 6,6 8,5 13,14 1,25
4,12 2,92 6,93 5,72 10,41 1,76
13,78 11,89 2,11 6,96 3,15 8,78
6,83 3,3 7,39 0,93 8,0 7,72
5,98 4,37 9,01 1,61 12,21 0,7
12,69 0,6 6,54 11,67 0,82 9,38
13,02 9,99 3,3 12,67 11,63 11,72
8,91 7,5 9,94 7,25 2,55 3,08
10,77 13,11 7,77 8,61 7,87 9,94
2,25 12,47 5,29 5,71 2,97 0,32
5,74 12,13 1,39 1,25 11,9 11,51
1,1 12,02 6,84 8,37 11,69 14,48