69
5
5,03 8,63 14,59 4,62 5,28
9,74 2,08 1,66 10,13 3,54
11,64 3,73 14,7 0,38 12,59
1,6 10,08 13,03 12,09 5,81
5,83 9,74 3,3 2,21 7,83
13,64 13,26 14,82 14,15 2,51
13,75 1,45 7,94 10,14 4,12
8,44 0,48 6,51 5,79 4,79
13,26 5,75 1,36 5,52 5,28
9,37 4,03 7,2 6,98 8,87
0,45 11,49 13,05 9,45 5,42
13,62 9,78 14,6 10,16 11,8
13,1 5,01 2,94 3,72 3,52
14,15 5,51 8,7 13,41 5,53
9,81 7,03 0,12 1,82 12,93
13,7 14,32 2,12 6,36 7,33
14,94 3,26 14,8 11,4 1,49
0,94 12,03 10,73 9,6 0,38
11,6 11,93 4,6 2,52 2,65
1,54 6,6 14,61 10,77 13,87
9,25 3,96 2,18 12,07 10,43
6,99 5,8 0,63 6,69 9,04
3,43 5,52 10,62 14,78 0,25
14,66 14,44 5,92 6,23 13,9
0,46 4,3 1,59 4,77 6,33
5,27 0,08 1,66 14,31 8,02
1,9 9,98 4,45 10,59 12,64
7,53 2,66 12,28 14,57 10,52
5,5 1,05 2,77 3,94 9,91
0,26 3,22 1,19 11,21 4,13
10,91 0,18 11,85 13,67 14,4
9,68 6,57 10,61 4,55 8,99
6,3 6,37 2,55 0,62 2,04
5,19 9,34 0,93 14,12 1,59
11,4 10,66 9,93 11,32 5,14
4,92 10,14 11,29 13,67 13,35
2,97 8,43 9,89 4,36 5,38
5,51 8,26 8,3 6,36 5,48
8,96 14,18 9,24 14,13 8,0
10,42 5,67 0,63 7,56 13,39
2,46 1,41 1,96 2,33 2,52
7,42 7,75 1,34 9,01 9,3
10,03 1,94 13,5 10,51 11,64
13,26 5,96 14,44 4,27 0,22
10,72 12,25 2,64 0,9 3,3
10,56 7,52 13,85 1,44 8,52
5,44 3,2 9,61 4,66 8,97
12,87 14,72 12,57 5,18 1,7
0,22 13,13 10,04 12,0 6,12
13,43 13,7 7,49 3,08 10,64
10,11 11,67 8,4 2,28 13,91
14,07 11,02 2,29 4,38 2,88
2,27 13,48 3,01 11,46 4,99
13,07 13,07 6,38 14,09 6,47
9,68 11,27 11,61 13,11 7,78
8,46 0,44 10,49 12,84 8,67
4,26 7,56 14,58 10,44 0,51
4,45 12,85 9,85 3,55 5,46
12,59 12,77 11,48 3,57 6,67
2,4 14,78 4,65 14,96 11,82
3,43 11,2 13,93 12,13 8,31
0,83 7,32 7,47 6,06 4,54
9,08 11,96 10,54 7,82 13,07
7,22 0,72 8,27 10,52 7,32
2,69 11,6 6,8 12,25 14,0
3,63 5,69 12,56 11,03 2,33
4,69 3,84 13,81 8,61 10,42
13,27 6,83 9,86 10,49 0,75
1,86 10,14 1,69 8,18 8,88