18
9
6,74 14,55 2,05 7,66 0,79 0,69 5,86 1,37 2,21
5,85 7,82 7,75 13,34 8,07 9,09 3,86 10,28 5,55
2,79 11,79 11,64 4,31 10,67 13,63 13,78 9,03 6,04
14,01 5,04 14,26 1,15 0,61 10,35 2,87 14,26 7,36
8,95 11,33 9,47 1,28 7,94 12,88 7,09 4,8 0,44
8,11 10,62 1,18 9,96 8,9 5,45 14,0 4,19 2,94
7,68 10,52 5,44 4,51 10,22 5,52 2,27 10,17 13,94
1,9 2,39 2,55 9,49 12,99 0,45 10,36 13,12 0,53
3,05 12,97 3,56 14,49 1,46 1,48 8,72 6,37 12,28
7,68 9,6 1,73 3,16 11,95 13,91 7,13 2,02 11,67
9,87 1,44 5,39 12,34 11,98 4,19 0,12 7,43 13,22
4,55 7,46 10,9 8,6 6,06 10,46 11,57 9,75 3,26
3,59 3,91 13,19 1,2 9,27 6,09 3,58 12,96 9,39
9,24 4,55 12,42 12,18 13,17 12,13 7,92 0,55 0,38
11,38 12,46 4,69 12,69 5,57 12,2 11,43 11,48 13,99
5,2 11,08 7,39 4,53 8,06 5,4 4,0 9,37 4,88
8,63 4,12 5,48 12,97 8,14 13,61 0,8 6,67 4,15
4,98 13,24 0,1 4,9 11,89 6,64 13,11 7,18 3,58