187
8
11,89 0,97 0,49 5,77 10,18 9,1 4,36 4,55
3,97 7,98 7,35 4,02 9,78 13,91 2,89 1,53
11,99 1,95 13,36 10,81 1,3 1,57 10,27 2,66
6,45 9,91 0,63 8,26 10,83 10,6 11,88 7,07
7,06 0,38 8,16 12,51 6,88 13,22 4,47 12,67
4,45 11,27 12,24 6,78 13,8 7,41 13,74 8,38
10,53 6,22 3,24 10,71 6,4 6,8 14,67 1,25
4,73 4,15 13,3 0,32 5,4 10,34 5,05 14,63
8,5 12,83 14,15 2,78 8,59 5,38 6,07 9,67
9,89 10,86 8,58 2,03 6,37 1,03 8,11 1,48
3,6 1,86 8,01 8,74 9,26 8,19 14,15 5,17
10,66 9,84 10,89 13,71 2,62 14,06 12,9 2,64
8,81 10,69 3,75 5,11 8,68 13,41 14,79 0,16
0,6 10,17 7,36 11,23 4,2 7,37 4,98 12,47
3,77 1,29 13,0 3,73 6,7 0,76 11,71 13,18
9,4 2,86 1,03 1,94 1,08 12,94 14,82 5,54
2,76 4,55 10,75 7,64 8,37 1,36 14,18 13,17
0,1 9,15 4,38 0,81 8,24 7,09 5,38 14,86
1,67 8,94 10,05 6,11 6,83 11,98 0,13 11,24
12,58 7,02 7,92 5,36 1,22 13,44 11,65 11,89
11,7 14,18 13,4 12,14 12,79 11,55 6,59 7,45
14,52 14,0 9,55 11,83 11,71 1,57 10,93 9,46
10,25 3,33 4,44 7,89 0,61 9,37 5,55 13,24
9,53 13,64 3,29 3,37 0,79 2,1 8,67 9,73
13,91 4,19 7,43 11,99 5,86 9,07 12,77 10,34
6,13 10,92 4,4 14,83 14,32 10,58 11,12 9,99
6,37 12,79 8,5 5,97 0,42 11,32 1,97 10,69
0,87 11,22 13,78 11,88 5,27 9,05 1,6 8,44
9,92 0,23 4,03 4,34 10,07 10,86 7,76 3,41
7,2 1,7 8,62 11,95 5,27 1,09 0,89 1,24
13,29 4,05 14,51 8,82 3,92 6,11 9,21 0,4
6,72 6,83 14,63 0,34 1,77 5,71 2,54 5,97
13,07 10,01 3,46 0,21 4,17 7,21 11,97 3,57
0,44 14,92 3,52 0,25 10,15 4,55 2,31 11,88
14,45 13,24 10,44 1,77 12,42 5,11 7,04 11,58
10,32 11,41 2,52 2,47 6,79 8,33 10,79 12,26
12,79 14,15 2,11 0,78 5,97 3,92 2,55 0,87
13,15 9,06 12,34 8,65 0,11 2,3 9,52 8,46
2,76 6,86 2,88 0,29 12,07 11,35 10,66 11,56
4,0 1,75 2,1 14,6 10,46 1,85 4,33 12,57
12,66 4,64 3,44 6,3 11,7 1,7 0,89 4,29
9,56 12,1 14,08 14,36 12,36 2,55 6,53 14,76
2,5 2,65 6,84 13,44 1,85 3,54 11,97 12,35
9,06 0,17 13,2 0,31 0,59 0,61 9,52 12,6
7,94 6,81 7,23 13,9 8,62 7,86 0,31 13,91
11,95 13,52 1,22 5,07 1,79 5,42 1,69 2,96
9,59 8,48 9,96 12,47 2,97 13,86 11,53 5,04
3,41 2,5 9,15 10,67 3,08 11,56 0,05 3,51
5,91 12,05 6,38 8,53 8,4 5,42 4,68 9,2
10,47 3,5 1,09 5,67 1,49 3,02 2,8 12,38
3,52 0,53 1,44 8,52 5,11 9,4 4,62 14,35
2,32 8,85 0,65 1,85 3,51 2,84 5,84 9,12
3,49 2,14 6,67 0,03 0,71 6,42 9,74 5,15
2,13 13,8 9,93 7,15 14,15 2,91 4,19 1,51
7,41 5,5 14,45 2,78 13,49 7,39 14,44 11,32
1,94 14,28 1,9 9,83 13,44 1,78 9,33 7,21
7,88 10,32 3,06 11,1 0,53 1,4 7,19 4,99
8,06 3,04 11,21 10,81 11,96 10,42 10,38 1,19
7,07 8,32 13,16 12,31 13,14 5,54 8,95 5,89
3,84 5,35 7,57 10,16 2,06 2,29 6,35 14,11
7,55 14,32 1,47 9,45 14,73 7,66 13,5 9,41
12,34 14,75 2,45 1,0 11,87 10,3 3,14 1,32
7,5 3,4 3,54 11,16 13,13 3,05 12,09 13,86
10,9 14,01 2,12 7,69 8,87 9,74 8,82 14,44
2,41 12,7 6,26 12,05 13,98 3,22 5,8 2,18
3,44 2,19 0,56 1,39 11,37 0,92 9,03 0,01
10,44 1,79 9,51 10,05 4,35 8,2 2,68 3,03
9,53 2,11 4,37 3,01 12,63 5,34 13,52 5,26
6,42 12,66 3,17 8,43 0,11 14,44 12,46 13,29
2,46 8,12 14,52 6,0 13,84 12,17 10,58 8,23
3,52 10,43 1,35 13,36 8,2 13,0 9,01 1,08
13,63 11,24 0,99 1,71 13,03 12,08 9,97 9,67
3,01 11,75 9,57 7,96 4,17 13,03 6,58 7,02
9,24 7,19 12,0 9,63 1,27 6,29 13,43 0,34
14,39 6,22 2,19 0,97 0,17 13,46 2,25 3,73
6,7 0,54 9,22 10,05 9,01 15,0 1,01 14,05
7,24 14,37 3,46 11,21 1,43 3,72 7,43 14,31
7,6 11,25 8,3 11,82 7,11 12,91 3,04 12,77
12,32 4,22 2,98 8,49 1,01 10,29 6,63 0,66
14,69 7,61 13,71 7,54 13,74 4,35 0,23 11,27
2,66 8,02 1,68 6,81 8,36 1,68 0,25 1,89
8,85 10,01 6,6 0,41 8,33 0,05 7,71 12,24
2,66 4,95 2,97 8,64 5,28 12,42 6,07 5,21
4,85 5,37 14,23 3,93 3,39 7,55 12,51 8,63
5,15 9,44 2,12 4,57 12,31 3,84 8,58 13,11
13,38 8,27 7,97 3,46 14,78 2,68 0,6 9,18
6,59 8,18 4,54 1,7 13,92 10,3 9,23 2,63
3,42 13,32 8,48 12,43 4,78 6,48 7,13 0,38
1,35 6,37 9,58 0,65 12,3 13,83 12,29 8,99
7,07 14,4 11,49 6,41 10,69 13,1 0,91 5,57
6,12 1,04 6,91 8,51 7,33 4,06 14,39 13,53
8,97 8,64 9,22 5,88 13,92 3,99 7,39 10,63
8,27 9,29 4,49 12,64 4,98 14,38 12,57 1,05
6,42 12,53 5,48 0,98 2,68 9,82 5,51 14,36
10,28 11,35 7,77 7,96 6,75 3,36 12,03 12,49
14,18 9,81 5,35 12,55 6,12 5,23 5,06 13,25
0,16 11,94 4,15 5,71 4,66 2,66 7,11 8,38
2,48 4,25 12,66 6,02 4,06 10,97 1,77 1,02
4,99 2,12 7,0 5,55 0,33 7,92 0,61 0,76
2,01 6,61 13,39 9,09 5,77 13,64 10,16 9,63
11,02 13,98 9,95 1,78 6,66 2,03 7,84 14,09
9,05 2,41 0,65 6,91 7,64 12,19 0,92 3,82
7,56 0,14 2,61 6,12 7,13 13,05 7,96 12,17
6,67 5,16 9,71 14,57 11,44 14,85 1,59 5,11
2,74 6,19 7,26 14,32 14,55 1,4 6,14 11,63
7,91 9,97 10,88 14,54 7,44 3,61 3,82 6,91
5,68 0,29 0,31 8,35 14,66 10,36 8,52 12,35
7,99 5,17 1,71 2,94 4,4 5,77 6,04 11,48
13,98 6,71 11,97 14,55 5,01 9,63 11,46 11,41
10,99 7,23 1,26 9,56 4,07 2,34 3,62 7,0
6,47 8,23 0,01 7,0 13,07 12,91 12,86 9,7
4,57 4,76 11,69 6,4 1,57 14,36 10,31 8,96
12,61 7,44 14,58 1,84 11,19 5,16 10,23 9,82
7,71 3,41 1,93 14,13 0,87 10,68 2,34 8,59
8,33 12,91 14,7 7,89 14,41 9,84 14,3 9,64
12,85 11,93 3,05 7,89 7,64 8,23 1,26 0,85
13,7 7,24 12,77 9,62 6,23 5,84 3,98 9,42
4,51 12,95 10,85 11,19 0,33 1,15 14,73 2,89
9,85 13,72 10,81 5,1 9,25 1,02 14,52 8,48
9,25 13,58 3,77 6,26 4,46 11,81 2,4 12,28
13,96 11,16 4,04 12,02 6,72 9,26 12,97 13,32
4,71 3,24 9,09 14,01 7,54 1,83 7,42 10,05
8,97 6,73 13,74 9,64 7,43 2,27 7,11 0,17
4,22 13,6 8,07 7,47 8,64 8,41 10,07 11,33
1,35 8,91 11,24 1,63 7,3 11,9 4,53 3,27
0,17 4,38 13,48 6,42 8,77 1,41 14,82 11,83
5,44 9,55 6,23 10,34 0,23 7,33 11,06 4,11
0,09 14,32 1,14 7,98 9,84 3,72 4,22 9,35
5,92 1,84 2,34 14,29 6,51 7,18 10,34 9,16
11,29 0,84 2,05 9,54 5,92 2,69 4,51 11,47
4,13 12,07 6,25 1,89 5,8 12,28 12,99 2,11
13,18 10,62 13,24 2,54 6,92 14,71 5,4 5,97
8,34 7,89 5,99 7,06 12,3 11,62 10,2 6,19
0,65 5,4 0,72 2,24 1,57 2,97 6,15 3,93
6,22 8,45 0,58 12,98 6,97 11,17 10,93 9,89
6,26 3,9 0,18 9,18 5,68 10,49 11,38 11,73
0,29 3,59 3,93 4,9 2,59 1,98 4,5 0,52
10,71 4,36 6,99 11,62 11,02 14,24 10,47 14,16
6,71 1,29 6,31 9,61 0,54 6,7 7,3 4,4
5,03 6,09 12,06 10,92 14,73 5,61 6,22 14,74
12,32 13,2 13,45 3,9 0,14 5,57 7,89 13,06
12,22 7,05 5,54 8,04 11,51 10,42 9,93 8,03
0,08 13,32 10,12 3,44 6,95 5,58 4,1 14,3
5,38 12,44 0,98 11,32 7,51 12,22 3,72 3,92
0,89 3,87 13,04 3,02 8,71 0,43 7,25 7,85
14,14 2,68 13,05 3,62 8,62 13,18 2,51 7,96
5,59 7,3 1,77 14,86 12,94 14,75 7,64 11,19
6,77 0,93 14,86 5,49 11,33 3,93 1,66 3,25
14,22 14,96 13,66 14,68 3,74 7,82 9,63 0,5
12,6 0,79 4,71 1,05 9,9 11,01 12,85 8,39
3,0 10,22 8,73 9,73 1,54 1,76 7,94 2,64
5,87 9,53 5,91 8,91 9,49 0,13 1,99 6,98
3,6 6,69 5,14 6,23 8,7 3,08 6,72 2,29
10,63 7,61 6,4 8,12 3,04 8,04 7,91 7,52
9,8 14,63 6,03 2,79 6,77 8,75 12,37 8,95
11,02 14,31 11,8 2,85 14,07 5,66 5,98 10,45
13,43 13,86 11,43 2,2 10,32 7,41 12,94 10,75
11,43 3,26 7,67 0,88 3,23 0,95 10,61 10,64
3,25 11,07 1,69 3,69 5,53 11,23 11,41 8,07
1,58 6,16 11,0 11,73 0,68 5,35 4,56 11,48
9,91 10,86 6,71 4,17 7,07 4,02 7,43 11,59
1,08 10,86 3,32 11,74 1,87 10,15 8,86 3,56
1,34 12,97 11,13 8,38 5,72 12,61 1,34 4,63
10,98 10,93 5,98 0,46 6,14 11,97 7,88 0,34
11,26 0,53 12,81 9,72 11,49 8,48 13,74 1,29
13,8 0,35 13,13 11,32 5,97 8,21 12,45 0,54
6,13 5,37 7,67 10,72 11,5 14,51 10,72 4,48
11,39 6,27 13,27 8,89 1,2 10,37 3,65 2,98
12,24 8,99 7,54 12,25 11,55 2,33 13,96 1,27
8,42 8,96 5,83 2,29 5,45 5,17 5,07 4,12
6,31 3,05 14,73 2,36 2,2 1,9 0,76 7,44
1,14 3,78 14,84 12,84 10,27 5,62 11,31 3,9
3,7 1,37 11,51 10,31 2,29 6,35 4,89 12,69
3,36 11,0 7,86 14,55 1,88 14,98 8,26 1,54
12,92 1,9 13,77 4,99 3,06 12,76 9,34 11,58
0,16 2,55 3,81 7,12 5,03 6,99 12,58 12,64
7,27 3,56 10,61 14,5 9,03 7,88 7,48 11,01
13,32 9,72 10,91 2,71 5,53 6,31 8,51 14,99
2,79 6,93 12,4 5,5 6,52 4,17 14,84 8,17
2,64 14,01 6,64 0,52 11,56 6,91 3,37 6,78
3,08 1,81 1,9 7,02 9,51 3,62 8,2 2,83
6,56 5,73 14,98 10,28 10,42 12,56 0,09 11,13
13,18 14,84 5,07 14,03 8,01 10,68 3,33 14,77
9,54 3,06 1,35 9,94 12,45 14,11 11,49 0,65
0,04 9,04 3,86 1,13 1,56 0,21 7,8 8,49
5,08 0,54 4,8 4,69 9,47 14,26 6,03 11,56
6,25 10,82 3,91 9,94 7,14 13,38 10,73 6,28