192
7
7,68 5,49 12,3 5,21 9,44 12,05 10,95
5,89 0,48 2,39 14,89 10,83 11,72 13,88
7,77 13,92 13,83 9,89 11,83 7,25 3,04
10,74 0,01 12,38 2,12 10,56 1,13 12,7
14,22 4,37 13,22 8,8 5,54 14,62 10,15
14,15 3,26 7,28 2,63 3,54 12,24 0,34
13,84 12,67 11,76 7,07 0,4 8,11 1,38
0,7 9,99 13,17 9,8 3,55 11,65 12,73
1,24 5,9 7,93 10,38 5,66 13,96 13,62
10,71 6,4 2,87 7,54 14,56 8,21 4,01
6,79 14,63 13,45 10,66 0,02 3,23 4,26
3,22 1,72 7,74 14,82 10,09 1,34 2,75
2,84 14,61 11,33 8,56 4,24 4,63 14,54
6,68 10,03 10,9 7,58 2,77 8,5 13,7
1,24 12,89 13,89 12,42 13,34 9,14 9,36
2,91 5,88 1,67 12,49 13,96 8,61 14,31
2,88 4,36 14,88 13,6 12,44 14,11 10,21
9,33 4,61 1,43 7,94 3,8 0,42 13,43
2,54 4,78 3,5 9,9 4,78 8,84 5,25
14,98 6,66 5,41 2,85 12,67 2,14 6,69
10,23 3,73 7,31 13,44 3,29 10,78 2,69
12,92 3,62 5,98 13,78 3,99 13,54 2,72
1,86 10,98 5,23 14,4 10,04 13,87 11,86
3,28 2,29 8,56 5,59 10,56 0,49 3,98
6,14 0,29 6,62 8,8 14,48 3,16 4,27
6,18 1,68 9,4 11,16 6,87 3,7 3,97
10,74 14,77 6,39 7,69 11,31 7,21 7,81
9,72 10,73 8,06 11,75 12,1 10,85 9,59
5,72 2,33 5,43 0,82 1,2 2,7 7,38
6,49 14,17 10,45 9,15 1,23 5,98 4,37
6,53 6,16 13,98 12,47 8,31 9,56 3,76
4,99 7,6 13,58 7,39 11,83 7,08 10,78
11,06 8,0 2,9 5,79 9,52 3,79 11,24
9,43 3,46 0,55 14,74 3,5 10,91 9,42
10,04 14,18 5,73 11,21 7,94 11,98 1,29
4,29 11,58 4,66 9,1 5,54 12,2 5,37
10,02 3,86 11,37 14,63 11,64 10,1 5,65
4,09 6,04 3,6 14,25 8,07 4,67 12,3
2,05 0,2 7,85 8,0 9,28 7,74 10,07
7,09 0,77 14,99 11,53 0,22 5,4 11,57
6,38 14,44 14,3 3,03 2,05 14,71 8,02
4,51 8,96 11,59 2,74 8,35 9,25 8,35
11,55 3,63 4,93 4,74 7,12 7,65 8,89
8,8 5,1 1,46 11,69 14,2 0,4 13,69
6,91 5,27 4,49 9,48 7,76 0,62 14,47
7,24 1,73 13,79 12,61 3,6 5,23 6,55
0,07 12,18 6,72 2,34 3,65 8,18 2,49
12,22 7,5 1,38 3,48 0,62 4,72 13,48
12,16 14,24 0,46 1,47 8,73 9,39 2,88
12,61 3,77 0,28 10,55 7,51 4,25 0,72
14,13 0,73 13,81 10,08 4,89 5,38 3,37
1,51 14,64 10,65 13,28 10,83 4,81 0,33
6,22 8,2 7,71 5,68 3,1 9,52 9,58
12,03 13,07 10,01 7,41 13,82 3,17 12,65
1,67 9,72 2,72 10,64 12,21 9,5 9,69
13,11 4,57 6,95 7,75 1,67 3,38 8,86
4,78 2,02 10,26 7,26 0,19 13,92 1,09
12,75 3,11 2,14 10,42 3,63 11,42 6,96
8,2 9,53 10,63 3,94 8,85 0,3 14,17
9,25 6,36 11,9 9,56 7,86 1,13 14,47
9,72 10,7 4,48 10,84 4,6 11,17 3,73
1,85 9,14 0,71 14,13 6,59 6,65 12,35
3,23 8,29 11,63 14,33 2,41 12,4 10,04
3,83 2,93 13,19 14,26 2,85 9,17 4,03
12,06 10,51 13,93 2,62 14,57 14,32 13,44
2,16 3,99 6,39 6,03 6,03 3,49 10,63
0,01 11,63 6,05 7,11 3,85 14,64 0,11
14,33 1,72 8,07 6,61 11,15 10,0 5,95
6,06 8,74 12,59 2,21 10,71 6,94 14,53
7,08 12,29 6,0 8,45 5,55 0,87 5,37
14,11 13,06 0,84 4,84 4,39 3,7 9,08
9,08 12,33 5,13 10,5 2,78 4,77 13,65
5,77 10,22 9,97 13,62 2,92 6,1 3,85
6,8 2,44 7,99 2,99 7,45 6,72 0,89
6,01 1,77 8,44 13,58 10,93 10,17 2,12
3,04 4,2 9,72 13,37 1,88 8,01 12,06
10,43 6,56 12,71 9,07 6,48 10,26 12,15
4,14 4,6 7,46 11,67 12,58 7,28 13,71
14,06 3,17 3,08 7,31 3,16 14,54 0,97
7,25 1,23 13,69 11,39 8,01 13,82 1,32
4,8 13,54 10,22 0,19 2,78 5,78 14,15
13,58 2,11 4,3 7,97 12,61 9,65 5,82
3,6 5,76 12,78 0,4 0,86 4,64 2,79
4,22 6,08 6,39 0,09 5,1 2,02 3,18
14,27 13,05 1,93 1,54 4,63 6,64 6,84
1,49 10,18 1,54 9,47 6,93 8,12 8,76
5,93 14,57 2,9 10,63 6,4 11,33 14,93
13,71 6,8 3,07 8,71 5,75 11,96 7,38
9,28 0,37 7,4 2,41 11,65 10,49 11,44
10,32 14,64 14,56 1,24 0,65 1,64 6,41
9,73 13,6 5,37 4,9 1,56 0,55 7,34
11,23 3,47 11,83 1,32 6,84 12,03 1,04
14,22 6,01 4,23 9,89 8,13 14,42 2,29
7,15 6,68 2,89 10,39 8,16 3,67 14,6
3,26 8,04 7,72 4,92 12,37 13,09 13,19
0,58 12,36 12,41 12,34 13,04 9,44 5,03
10,01 5,96 11,68 14,95 8,68 12,57 2,53
6,65 0,16 13,36 5,26 13,24 1,56 1,82
7,41 4,39 11,35 13,18 6,3 0,11 1,54
5,93 10,67 10,0 13,26 0,74 0,71 2,37
8,48 1,69 2,94 14,42 11,02 14,44 10,72
3,96 4,57 13,85 7,11 2,99 10,73 4,95
2,2 8,08 14,2 7,13 9,81 7,04 10,96
14,74 8,12 5,8 11,8 0,83 8,12 13,34
13,98 12,96 13,76 0,41 11,67 10,02 7,56
10,53 6,05 3,53 6,34 2,13 11,51 3,9
2,19 9,89 0,39 1,11 2,24 3,8 13,11
5,19 14,79 0,51 0,48 12,68 13,82 0,47
14,03 5,42 10,03 12,5 14,98 4,85 5,2
10,86 14,33 4,17 0,41 4,03 0,4 9,33
0,27 1,83 7,95 11,77 14,46 12,68 0,84
7,94 10,26 8,79 13,7 3,89 4,93 6,86
1,47 6,33 0,09 6,52 3,81 0,33 6,41
2,49 10,39 7,29 11,05 5,43 12,4 2,85
13,16 5,88 6,18 11,15 7,62 1,53 1,26
5,72 3,59 10,47 0,03 12,06 8,92 11,37
10,14 14,26 13,31 3,48 2,01 14,97 1,06
9,57 12,73 11,37 11,68 9,41 0,06 1,91
7,85 3,22 11,98 7,75 12,92 12,83 3,83
7,52 4,52 11,86 0,55 10,19 14,75 1,5
6,64 8,85 6,0 11,79 14,0 3,8 10,93
13,42 14,94 13,61 0,53 2,37 2,11 0,05
7,07 14,14 14,42 6,05 4,59 14,23 14,13
7,06 0,74 9,2 6,31 13,95 3,42 6,84
10,79 0,08 14,03 14,1 8,94 6,27 8,18
6,13 13,93 2,71 4,5 13,0 14,2 11,14
14,82 12,15 10,18 5,26 1,23 3,43 3,46
1,27 9,88 7,24 10,2 4,97 8,36 6,84
1,04 7,97 7,7 3,0 1,86 1,97 11,0
5,24 7,68 8,15 3,15 2,95 3,46 8,22
9,25 5,55 1,9 2,09 0,7 13,53 12,67
12,89 10,68 12,67 6,28 3,11 2,86 6,1
8,59 1,48 14,24 6,75 3,71 6,59 0,59
2,14 7,33 8,34 13,39 12,29 14,69 7,5
4,71 3,5 1,93 5,94 1,28 1,16 12,83
13,33 3,75 9,11 9,87 6,94 0,73 14,12
2,89 0,43 10,79 2,02 8,44 13,95 6,2
4,49 7,53 14,35 7,25 1,59 2,23 12,85
0,98 4,12 4,08 14,51 14,6 3,27 11,21
11,3 11,29 2,67 5,12 9,96 10,09 14,43
11,45 3,45 4,45 6,44 12,68 0,37 2,26
14,59 1,43 0,39 6,84 8,85 7,33 14,37
8,94 5,39 5,43 0,05 2,64 13,65 8,79
4,35 9,72 14,55 4,04 7,98 4,43 6,39
6,1 10,17 14,75 5,59 2,72 1,17 8,09
6,17 8,88 10,71 12,1 14,75 3,56 8,49
14,32 11,35 6,64 10,61 8,66 12,07 9,07
8,58 2,75 11,6 9,71 7,84 7,5 7,42
5,27 0,23 9,23 12,52 8,87 1,01 8,32
11,17 4,62 13,82 7,2 14,26 0,06 7,71
2,36 8,64 8,31 12,88 3,29 7,56 5,58
5,55 13,61 9,38 10,62 2,73 5,86 3,06
9,28 6,98 10,22 14,17 7,2 0,29 2,86
6,71 5,74 3,62 7,5 14,07 14,95 0,07
0,29 0,34 13,0 3,59 5,76 14,44 2,63
13,58 3,44 13,36 11,61 2,77 10,55 11,82
0,44 14,47 9,17 14,14 1,74 4,42 13,99
1,11 12,24 5,66 2,0 5,83 0,52 6,28
0,39 4,4 5,23 14,48 9,78 8,47 3,23
2,26 2,58 12,62 6,39 5,06 2,06 13,91
7,2 8,9 4,77 11,34 13,45 5,74 3,83
9,53 6,1 8,33 1,34 7,6 8,61 13,06
12,02 3,52 1,0 4,65 5,88 3,9 9,37
0,07 4,49 9,55 12,01 12,64 10,3 8,89
5,18 13,16 11,35 12,55 2,96 4,71 14,64
4,74 6,26 11,18 14,28 12,64 11,78 11,39
9,64 12,77 3,32 6,24 9,06 0,39 4,08
3,68 11,28 1,63 2,53 2,4 5,5 0,31
7,25 5,27 14,5 14,58 0,26 5,24 6,87
11,34 4,19 2,33 8,06 14,42 5,85 7,29
6,06 13,11 8,64 4,31 12,76 2,26 8,44
5,71 0,61 7,84 10,35 2,81 5,99 7,72
8,92 14,33 8,97 3,94 12,76 11,46 2,78
12,6 6,93 2,46 0,95 12,77 14,91 9,58
12,19 5,55 9,8 11,32 5,49 0,77 10,25
8,04 7,76 0,21 14,05 9,31 13,69 13,88
11,55 4,93 9,3 12,82 6,92 10,43 3,83
4,35 0,52 11,49 12,09 0,05 11,77 13,0
12,41 0,87 0,93 4,57 7,78 13,99 8,94
13,29 0,48 13,66 8,99 12,18 12,28 7,49
10,93 13,63 3,29 1,23 12,21 1,96 14,83
2,28 5,35 7,85 7,57 10,45 14,97 13,46
7,9 10,03 2,91 11,7 13,65 2,63 9,12
8,05 13,22 2,63 6,96 14,31 10,04 13,32
11,51 7,31 4,71 4,01 4,02 2,97 5,2
11,99 3,51 11,25 7,36 12,55 11,11 12,81
2,67 0,63 14,59 9,63 3,97 14,16 1,66
14,29 8,83 12,86 1,87 1,56 2,95 1,96
14,84 10,96 14,7 8,57 6,39 1,67 8,26
6,48 9,47 1,48 14,24 10,4 5,34 6,92
5,56 5,2 0,62 0,62 6,81 6,97 13,36
0,38 0,22 6,99 9,33 4,56 10,74 12,25