72
7
6,79 0,15 11,56 11,66 14,86 5,2 11,13
14,79 5,4 0,66 8,21 12,36 12,51 11,54
4,26 11,42 7,05 4,1 2,41 14,8 14,24
7,96 0,63 2,97 8,22 0,28 11,27 0,72
0,01 6,18 1,34 9,97 4,06 9,85 6,09
7,25 13,14 10,31 11,6 3,02 3,52 3,93
10,17 3,61 7,11 6,13 9,91 8,96 10,55
8,28 14,75 12,94 4,63 6,86 0,07 7,19
9,84 6,63 7,91 2,74 4,45 13,66 2,22
0,16 11,83 13,84 6,96 6,64 1,69 12,03
6,15 7,51 6,04 13,85 7,6 2,15 1,29
4,26 2,79 4,98 9,12 13,8 6,03 10,79
1,29 3,66 10,47 4,24 6,3 11,47 7,63
1,55 0,51 0,55 7,17 0,05 9,44 11,93
5,8 4,58 6,45 11,57 10,11 9,69 9,01
9,49 1,93 2,02 10,74 6,02 8,97 2,99
3,31 6,86 7,5 6,47 13,67 8,79 5,66
11,71 1,32 3,4 8,84 8,6 10,98 4,88
3,98 10,7 12,7 6,16 9,19 14,91 13,07
9,2 1,77 13,4 4,78 8,98 6,18 14,95
6,28 7,11 0,65 11,23 6,29 14,27 8,37
10,05 3,15 0,03 10,96 13,68 12,86 4,73
11,59 12,66 0,88 13,35 12,95 7,03 3,0
15,0 2,68 5,71 11,67 1,61 13,93 12,33
8,84 6,89 1,68 13,95 10,1 7,85 11,16
2,2 7,67 14,21 0,29 1,69 4,97 9,72
1,4 11,83 8,35 14,02 8,47 14,53 2,79
14,5 6,5 1,67 7,46 2,76 8,9 4,48
8,68 0,38 1,02 13,28 0,64 8,36 13,16
5,02 5,8 11,99 11,9 0,69 5,14 14,05
6,79 8,06 5,51 10,23 8,79 3,49 2,01
7,48 13,55 11,76 9,22 13,77 1,24 7,25
7,72 0,26 6,53 12,35 5,17 10,07 3,7
9,07 4,53 9,47 10,49 8,69 9,89 2,37
4,39 11,7 2,2 13,15 13,99 8,36 0,03
4,0 3,97 10,45 6,3 9,06 5,82 13,25
12,19 7,74 3,2 7,17 10,61 14,85 1,43
0,89 3,46 12,56 4,41 11,09 13,31 11,68
5,16 2,81 0,75 4,18 9,69 9,35 6,72
10,45 7,38 3,18 6,71 1,39 1,08 7,21
3,12 6,47 11,5 8,88 4,97 13,61 8,11
1,25 14,31 11,0 6,53 12,16 2,2 13,46
7,42 10,41 1,44 12,23 7,41 2,97 0,99
11,45 8,59 1,52 6,77 0,62 2,38 4,34
1,13 13,07 10,59 9,59 2,92 6,52 4,02
9,93 7,61 5,68 11,84 7,02 4,22 8,75
0,21 7,15 7,73 1,54 6,9 3,61 7,15
8,61 11,25 0,74 7,15 1,14 9,65 7,21
0,33 3,76 5,4 0,89 10,91 12,15 1,63
8,8 12,97 0,68 6,97 5,27 12,44 4,07
3,97 12,83 1,72 6,48 7,95 14,65 4,61
3,94 14,43 13,99 12,73 1,4 10,01 3,13
4,43 1,13 14,49 2,15 2,85 3,65 2,94
6,51 3,04 11,95 7,0 0,68 13,54 5,42
2,39 5,89 11,1 12,64 13,59 10,74 0,01
1,53 0,3 6,29 7,58 7,93 12,47 0,36
1,74 13,98 6,26 4,46 7,97 13,53 5,2
3,77 12,11 2,12 11,61 4,85 4,25 5,75
11,0 9,36 1,61 8,53 9,01 14,45 3,94
2,09 4,33 0,21 3,07 7,56 13,11 0,14
0,81 3,66 7,25 5,49 12,96 3,4 0,18
2,11 0,41 10,27 7,47 8,33 1,81 14,74
4,47 0,04 5,69 7,5 1,1 11,68 3,71
2,62 14,06 14,15 11,98 13,81 13,85 3,91
1,26 6,21 10,35 11,65 8,97 14,91 10,0
3,24 1,99 13,13 0,34 2,69 5,61 14,62
12,82 6,01 10,94 0,85 13,28 11,03 9,4
5,5 2,61 9,93 7,66 1,32 7,14 3,16
1,74 13,73 0,9 12,52 12,68 8,32 4,54
0,94 2,8 6,91 2,22 11,11 4,61 5,13
14,44 11,67 8,55 6,6 2,69 10,85 4,63
11,1 6,46 3,45 5,77 10,38 1,3 10,78