40
5
7,15 14,36 2,26 9,61 6,05
9,4 0,51 3,82 5,17 10,89
12,46 11,08 12,42 8,94 5,55
3,03 12,97 3,82 9,08 1,94
3,81 6,09 2,93 11,79 14,44
5,51 2,7 13,57 8,95 5,05
3,38 3,73 12,31 0,79 13,57
3,36 8,37 8,56 13,87 9,33
13,42 0,8 11,19 12,31 10,93
2,35 8,8 7,31 14,02 8,85
11,54 4,02 5,73 5,81 10,32
14,15 1,23 4,93 8,68 12,0
5,2 7,64 7,04 4,45 11,87
12,91 0,41 6,65 5,35 11,26
9,89 10,79 5,03 1,03 10,76
14,79 13,23 13,38 5,3 13,96
8,08 7,26 8,48 0,88 14,74
8,24 13,06 3,18 8,59 13,66
6,95 8,24 14,55 4,8 2,71
7,07 9,9 11,31 1,78 8,99
7,31 8,23 9,47 0,03 4,5
10,34 13,33 13,27 4,34 0,07
6,33 4,09 6,95 14,74 4,5
10,93 0,08 14,79 14,23 0,87
1,01 8,94 4,22 12,34 5,75
5,27 14,97 3,83 9,53 2,76
9,01 7,53 7,09 4,51 8,55
13,33 3,87 5,61 8,6 10,9
8,48 11,51 6,19 3,58 2,97
13,6 10,41 6,72 1,2 13,94
11,85 7,51 3,84 9,51 4,36
14,16 6,22 4,57 0,77 12,39
2,71 14,21 1,96 7,24 4,34
6,17 13,68 8,97 0,83 8,14
14,91 10,71 3,66 4,48 14,94
13,91 9,82 11,27 12,05 0,39
2,84 13,57 5,49 6,87 11,31
12,26 9,16 0,6 1,83 14,96
13,37 2,2 0,5 9,22 9,18
9,17 4,15 14,8 8,66 6,22