186
2
10,18 1,78
12,7 0,24
11,46 6,25
12,27 12,14
8,62 7,71
8,52 8,66
5,25 4,93
4,81 0,13
9,27 3,59
14,44 4,21
9,99 0,34
12,61 0,1
9,2 7,73
2,94 9,3
1,87 8,7
12,49 1,53
10,91 2,01
4,83 10,17
1,17 7,07
1,2 11,61
1,0 10,59
5,76 0,7
3,36 12,91
3,52 11,03
10,69 6,87
11,13 3,29
6,65 6,79
5,49 9,9
11,1 13,58
0,71 11,09
5,31 1,2
5,74 6,0
10,43 7,45
3,46 5,71
6,64 10,44
13,44 8,02
9,14 7,41
4,48 7,65
13,06 9,52
5,54 11,61
3,85 5,33
0,92 2,36
11,54 9,65
14,28 10,48
0,9 14,69
14,99 2,09
5,05 1,86
14,31 12,59
6,26 12,27
11,61 3,46
4,8 6,26
9,6 10,89
5,77 1,79
10,78 11,79
2,21 9,43
12,65 13,28
5,8 4,86
2,99 2,51
1,11 12,07
11,28 0,35
6,58 4,85
5,15 4,85
14,89 0,41
5,39 9,5
11,92 6,62
11,63 6,11
3,19 10,82
9,46 6,15
12,4 3,73
10,0 4,59
3,03 10,06
7,58 10,94
9,88 1,27
14,02 4,16
6,37 8,55
6,63 5,46
0,42 7,31
11,88 14,81
13,45 1,94
1,99 4,49
13,61 3,66
5,77 4,96
11,28 14,54
6,26 12,42
0,01 0,95
6,8 5,14
13,52 1,97
8,35 14,82
1,72 11,81
10,36 12,67
6,63 0,44
4,22 14,43
13,61 3,0
8,86 2,49
4,47 1,41
5,8 7,58
9,55 9,6
9,32 8,19
14,59 10,13
3,04 11,54
9,23 8,85
13,92 13,13
9,99 12,76
5,48 6,67
2,09 7,69
11,58 3,41
5,88 5,99
1,38 7,96
12,31 13,89
10,25 0,04
12,93 2,11
1,53 12,91
7,54 0,81
3,77 14,51
12,76 6,14
6,3 2,04
13,82 1,51
10,21 14,04
0,4 6,71
5,15 9,76
2,84 9,57
5,23 8,97
11,39 7,82
11,79 6,73
12,06 6,32
13,67 3,61
13,46 9,87
11,66 7,88
2,32 13,94
14,81 11,03
3,23 12,59
7,38 7,89
3,85 14,05
7,9 2,03
10,36 5,28
10,23 3,81
4,34 1,86
9,76 12,82
9,3 14,49
9,6 12,64
8,72 4,98
5,33 8,19
1,5 5,76
1,24 4,6
9,2 10,99
6,86 1,06
6,23 11,73
3,6 5,68
1,93 2,4
10,07 10,43
3,92 9,01
10,74 11,09
6,47 6,13
14,34 14,48
2,81 12,32
9,42 6,64
14,86 9,04
11,14 7,13
10,41 8,25
9,49 6,04
7,17 0,95
7,74 4,0
12,27 0,47
0,88 11,29
13,64 4,56
11,05 1,05
13,6 3,24
5,88 13,9
0,4 4,83
14,26 3,92
4,82 7,85
8,12 7,75
14,39 14,7
7,09 0,2
10,7 13,43
14,69 12,97
1,47 7,22
12,39 2,88
7,56 12,45
13,79 1,72
13,92 13,76
13,25 13,4
10,86 2,17
9,82 14,73
9,55 9,3
14,75 10,46