79
3
7,22 14,19 13,63
5,48 6,62 9,53
10,33 9,32 6,87
5,16 5,97 14,98
9,65 8,01 5,22
13,29 10,81 1,18
1,99 2,88 9,44
2,18 1,44 10,35
3,35 14,54 10,88
3,94 7,8 13,86
7,36 9,03 5,83
5,83 11,99 12,13
5,69 14,63 11,73
8,23 4,74 5,71
1,19 1,18 9,86
10,7 1,03 10,34
0,81 3,99 14,59
5,22 0,69 13,28
4,68 2,2 12,75
8,83 13,53 7,67
4,42 5,62 7,49
12,85 9,85 5,96
11,86 6,87 6,42
6,09 4,23 0,55
10,41 7,05 13,87
6,92 0,13 13,87
11,45 1,08 8,29
4,19 6,38 3,55
12,53 12,91 12,03
9,82 7,97 12,04
12,11 8,22 10,16
0,28 6,77 2,31
12,58 13,67 3,12
3,88 4,62 4,18
10,6 8,81 5,8
11,68 9,26 6,74
7,26 10,23 13,94
12,13 3,73 8,52
7,7 4,99 0,61
1,2 1,05 3,35
10,4 0,56 3,44
4,27 8,16 1,02
12,9 3,38 3,83
3,55 7,23 11,6
8,79 10,2 10,69
3,37 6,86 11,53
14,03 4,78 4,92
7,4 9,69 10,83
7,8 1,17 10,92
6,97 2,48 13,95
2,23 0,74 11,92
3,2 2,66 7,61
10,02 3,84 2,68
2,18 11,69 7,18
3,27 10,97 12,79
9,96 12,19 2,76
2,25 13,97 2,2
0,07 14,91 3,6
4,81 7,95 6,81
2,37 1,57 6,49
12,65 8,86 4,71
12,98 5,51 7,11
3,88 3,33 2,32
3,72 6,21 14,19
14,41 11,67 2,85
13,13 14,23 6,44
12,06 9,94 9,72
13,57 13,83 8,36
4,24 13,8 4,37
12,69 0,65 14,18
11,37 8,53 3,03
0,6 11,29 0,69
1,57 14,35 12,09
0,44 11,55 7,25
1,39 4,18 12,62
2,65 14,69 12,35
9,06 8,3 2,92
11,15 1,13 1,54
1,21 10,93 9,34