108
3
7,76 14,75 10,36
0,24 6,17 0,66
10,52 2,3 11,71
0,87 12,75 9,43
0,26 0,76 3,18
10,45 6,43 1,26
4,16 11,1 6,15
2,03 3,27 14,8
7,44 9,64 9,19
7,65 3,83 5,74
1,66 6,24 9,03
11,44 0,96 8,29
3,36 8,95 8,98
2,14 6,34 5,64
13,84 1,52 7,45
13,88 11,24 6,31
5,16 11,05 0,52
9,65 0,13 2,44
6,24 4,4 6,12
5,83 8,12 3,49
7,84 8,5 1,95
1,68 4,04 10,04
13,18 1,26 4,44
5,83 5,32 1,12
4,23 14,47 9,95
8,55 3,07 3,74
3,71 14,19 2,48
9,87 12,28 0,37
14,44 10,98 10,24
13,75 6,24 6,48
10,39 8,96 8,67
3,93 4,68 3,47
8,18 12,87 0,34
11,47 6,15 3,47
8,03 4,85 1,94
7,85 5,82 5,03
1,26 3,68 12,65
14,18 0,98 3,91
0,85 0,76 2,73
8,27 1,6 9,19
12,22 14,17 13,42
1,24 9,26 5,6
11,72 4,59 11,39
3,36 3,79 14,26
14,85 8,45 3,96
6,0 11,05 12,04
1,08 5,05 6,19
11,68 12,33 11,98
11,49 13,8 14,86
6,06 12,45 6,72
8,38 0,81 1,55
9,47 14,55 11,81
0,62 8,97 3,13
3,03 0,19 2,23
4,42 12,52 13,67
7,82 11,51 0,6
11,78 9,22 13,29
13,76 7,45 13,6
7,56 7,86 11,75
12,22 10,02 8,58
8,14 9,61 6,51
5,33 13,17 11,74
13,52 12,52 11,86
3,93 1,59 9,28
4,66 0,49 10,16
3,03 8,07 1,16
0,42 0,12 2,3
13,09 12,13 9,27
1,04 5,79 7,99
0,77 8,16 3,73
9,29 3,51 13,33
13,12 12,48 14,84
7,24 9,42 3,1
7,35 4,08 11,91
1,44 0,13 10,22
5,16 14,22 8,92
13,15 1,53 10,94
5,05 14,26 2,76
10,63 7,38 4,81
8,04 9,25 2,86
5,31 4,04 13,04
10,25 8,85 0,11
12,2 13,8 4,47
5,61 2,28 3,02
7,77 4,06 9,05
11,89 4,99 8,49
0,66 1,48 1,45
5,33 10,57 12,9
2,7 1,16 14,94
4,49 13,96 5,02
1,7 0,57 6,75
3,47 2,48 5,91
13,45 5,46 0,03
2,59 6,53 9,06
4,48 7,94 1,62
4,4 2,57 9,11
10,7 9,6 8,6
7,31 1,82 2,24
9,18 2,3 13,06
14,54 3,99 10,67
13,82 2,61 5,33
11,38 2,34 14,78
1,81 6,79 2,26
2,22 4,44 3,62
12,58 3,05 3,5
4,08 8,61 9,46
0,27 5,94 4,62
4,01 7,1 2,22