153
7
13,02 10,32 9,46 13,39 14,91 7,59 2,16
0,9 4,05 12,95 8,68 12,52 3,72 12,96
13,36 4,21 2,2 13,99 5,72 12,61 3,65
8,72 11,84 9,14 13,99 14,75 12,92 7,47
9,61 10,13 10,69 7,99 0,72 7,5 9,33
10,51 8,85 3,95 13,71 2,02 14,53 6,44
1,31 7,86 2,42 7,78 2,33 5,32 0,61
1,98 6,04 0,65 5,22 13,79 12,01 5,56
4,85 13,77 2,31 13,86 8,22 1,49 5,35
11,15 2,98 4,69 11,52 4,2 8,91 7,14
1,7 8,15 6,21 6,24 12,25 4,91 6,03
8,98 1,8 14,19 6,75 4,17 6,8 5,61
2,66 10,42 14,18 14,33 6,86 1,56 8,84
3,93 6,73 2,18 14,0 2,56 14,47 4,6
14,71 13,96 1,05 13,41 11,6 9,59 8,72
7,84 0,58 14,66 10,42 4,39 12,41 10,56
9,71 3,18 5,61 11,23 13,27 11,42 2,67
4,97 14,59 9,46 1,7 8,38 8,27 11,27
1,5 8,75 6,39 4,64 1,02 6,16 4,55
8,45 0,8 7,73 5,73 11,03 13,24 3,23
8,39 10,12 5,78 12,95 3,41 2,25 0,87
12,9 8,2 13,25 4,77 13,89 6,71 6,18
1,12 5,98 0,22 2,98 2,38 5,78 7,66
9,47 2,52 0,88 13,23 10,61 2,28 3,22
1,16 12,8 14,55 6,4 7,26 4,51 7,43
13,28 0,48 10,88 6,29 10,43 3,01 0,99
5,97 8,43 12,55 3,85 13,3 13,09 6,87
12,06 1,68 10,49 6,06 14,12 3,33 8,93
12,49 2,23 0,86 9,54 2,04 1,88 10,86
12,72 6,24 1,27 13,0 0,57 7,86 7,6
3,17 3,38 4,63 8,44 12,73 5,94 9,25
11,15 11,62 2,46 1,27 4,71 14,52 12,61
13,83 3,81 14,2 12,15 10,11 1,66 8,41
3,6 5,08 6,57 3,4 12,54 14,06 0,36
5,41 5,04 8,47 5,71 12,4 2,24 9,68
5,68 11,76 3,22 11,6 6,55 5,96 9,34
7,67 14,56 3,23 14,36 11,82 12,87 4,28
9,27 7,44 0,86 2,07 14,5 11,63 6,66
3,17 5,36 8,66 3,11 13,53 12,48 1,02
11,12 2,19 7,36 10,7 14,42 6,07 7,89
1,08 7,08 5,82 7,46 7,1 2,33 5,14
4,92 1,5 0,94 7,11 5,3 6,12 10,0
6,1 5,48 8,61 5,06 8,59 6,25 14,05
7,79 0,84 10,41 14,33 3,68 6,28 9,14
6,04 10,41 5,89 7,16 12,58 12,29 0,35
9,72 7,87 9,1 1,92 13,09 1,71 10,25
3,82 6,24 3,57 1,8 11,8 14,15 11,96
1,63 2,04 14,19 13,66 14,05 9,68 12,21
7,66 14,5 13,58 12,66 0,44 4,83 1,19
7,51 3,07 11,6 12,87 3,39 0,02 12,43
7,02 11,93 8,07 12,06 6,48 8,21 9,49
3,55 6,15 6,75 1,96 7,38 7,44 4,81
8,07 13,65 7,49 6,93 1,95 8,29 7,17
11,64 13,06 10,97 4,78 13,76 10,22 3,7
13,33 5,93 1,69 8,27 7,98 11,98 4,96
2,08 9,32 10,85 11,24 12,42 2,88 12,02
14,63 3,58 5,98 0,62 12,39 5,4 7,46
10,5 10,62 11,99 5,42 7,82 3,7 11,9
7,68 0,55 3,07 9,27 0,29 7,12 11,51
12,37 12,37 12,25 0,42 8,39 2,77 13,3
13,82 11,72 12,34 8,82 5,75 11,92 11,64
11,94 3,87 11,81 2,9 6,09 5,04 13,33
3,42 5,0 5,41 11,92 1,98 8,46 7,79
14,81 4,88 9,49 3,19 3,53 2,26 7,33
6,0 3,4 14,27 14,88 14,38 6,64 12,66
7,38 0,72 9,02 9,68 1,34 14,14 11,28
9,58 4,17 13,28 13,01 12,08 7,87 9,82
9,29 14,65 14,68 5,75 1,4 2,98 0,42
5,22 12,17 8,91 5,82 5,85 9,98 0,37
14,82 12,21 8,5 0,81 13,93 12,88 11,56
2,6 7,93 4,79 4,03 8,72 7,86 13,69
0,55 6,82 5,13 13,04 6,14 6,56 11,51
11,88 8,43 0,51 2,7 1,57 10,79 1,78
11,11 9,88 2,48 8,7 1,66 1,65 10,62
5,62 4,91 7,24 14,58 9,03 13,64 9,09
8,73 1,27 7,61 6,17 7,43 4,73 4,86
2,76 9,78 1,38 3,97 8,48 2,37 13,35
11,63 11,36 3,91 13,77 12,57 3,55 3,78
4,94 1,22 7,48 1,8 6,83 8,39 0,66
6,15 12,38 9,79 2,87 14,72 12,86 11,56
4,81 8,66 10,83 0,17 4,96 6,41 13,21
8,95 1,92 11,54 3,19 10,8 11,52 6,3
13,51 9,01 14,49 9,27 12,14 2,06 10,29
0,21 12,88 5,27 8,81 1,37 13,67 13,84
12,15 8,34 7,71 3,97 3,87 3,51 10,51
1,17 12,52 4,25 12,12 0,89 7,13 12,43
11,0 8,33 5,81 2,69 12,13 12,23 13,18
9,52 9,75 1,45 3,67 3,82 11,74 2,06
1,09 8,06 7,84 9,3 5,6 14,14 12,13
7,06 0,69 7,07 13,16 13,66 2,7 5,28
2,29 7,97 14,1 1,79 7,57 9,21 8,51
9,13 14,69 4,57 1,38 2,81 14,62 10,7
7,95 1,02 5,5 5,79 4,52 5,08 12,2
14,68 2,51 1,31 10,8 10,16 4,79 14,11
0,32 7,71 4,76 11,66 5,92 5,4 1,26
9,71 8,02 2,86 10,18 5,68 7,79 4,14
7,23 10,53 4,54 1,35 3,71 6,64 13,43
9,92 0,23 2,24 1,65 3,68 3,03 2,9
14,15 12,12 12,84 6,19 12,4 14,61 12,47
11,81 1,53 13,17 6,55 10,46 14,71 6,57
3,44 14,51 0,8 8,37 9,45 1,4 3,67
1,98 13,07 4,04 2,3 3,7 5,96 4,19
7,58 7,49 0,79 4,66 2,22 6,71 0,47
1,13 0,12 3,56 10,33 14,54 9,29 11,28
7,67 3,95 10,2 3,0 10,02 3,57 7,18
1,54 3,52 7,76 11,03 11,4 3,06 9,11
4,75 9,38 11,32 3,29 0,34 5,56 13,85
6,48 10,48 1,92 9,07 5,11 9,01 7,13
12,58 11,77 6,46 12,25 0,7 0,01 5,56
1,76 13,53 5,18 1,6 11,02 12,22 13,04
4,47 0,78 1,24 2,51 1,64 14,23 10,09
2,12 11,63 3,86 6,11 14,81 10,57 5,42
1,2 2,44 1,16 13,72 13,56 0,47 12,32
0,37 7,12 1,97 5,57 2,68 5,6 1,42
5,47 11,15 4,9 8,14 7,8 1,53 3,37
2,75 0,34 4,3 13,54 8,23 2,39 8,39
1,88 3,58 12,15 12,64 10,27 12,55 2,4
4,83 8,5 11,37 8,76 12,88 11,55 10,67
12,12 0,52 10,33 3,74 8,81 6,39 11,1
1,01 8,01 10,96 11,47 6,67 8,18 4,27
13,97 3,19 9,78 13,24 6,83 6,78 8,62
14,51 8,31 7,81 1,77 8,75 14,52 9,23
2,44 2,92 5,31 7,14 11,33 4,74 0,05
0,46 6,45 3,63 10,76 13,17 12,59 7,77
6,19 5,83 3,63 2,85 11,39 12,2 10,78
7,52 14,48 13,48 5,75 10,28 7,72 6,97
1,91 7,66 12,28 9,96 13,53 12,83 7,76
4,47 0,52 1,33 5,88 6,34 6,29 9,72
14,24 4,7 9,19 8,16 9,08 10,4 7,05
0,6 13,14 1,4 13,07 10,78 10,23 9,59
13,72 1,02 4,71 10,65 14,51 11,4 1,78
4,29 0,9 3,94 8,93 8,73 8,18 6,96
1,67 0,36 10,7 6,91 12,68 5,19 13,36
6,7 11,42 10,31 8,76 10,12 12,09 10,27
8,35 8,14 0,83 0,65 2,11 3,02 6,4
8,2 10,18 5,05 0,48 11,17 1,01 14,53
8,71 9,5 11,87 14,79 14,62 6,03 9,72
7,45 13,31 11,02 7,05 4,55 2,71 12,61
3,24 10,01 4,25 8,85 2,46 4,46 8,08
14,53 12,69 6,97 13,08 10,34 3,44 7,96
12,3 13,72 10,71 1,94 5,89 4,81 0,93
7,95 12,07 11,4 9,73 12,48 4,21 11,38
9,37 8,12 11,1 4,69 1,97 5,72 0,21
5,08 14,42 11,93 5,22 0,19 7,13 9,9
10,61 10,15 9,96 10,09 6,72 11,63 8,91
9,67 3,97 3,09 8,73 0,58 7,25 7,55
4,67 8,69 5,34 3,73 2,1 12,38 12,89
5,88 10,1 13,64 10,71 14,11 1,52 0,75
0,98 13,29 9,72 14,0 7,34 4,89 10,21
1,79 7,57 2,53 10,83 7,16 6,31 12,51
12,52 13,51 6,6 1,59 0,51 11,23 4,55
10,3 12,76 3,11 5,25 5,72 3,58 4,79
9,41 6,78 11,71 8,02 5,48 0,92 12,86