34
7
2,82 0,89 14,64 3,29 12,99 7,74 14,05
9,27 14,24 6,33 1,87 10,31 5,62 2,16
1,83 4,34 0,38 13,44 3,5 9,75 14,31
14,94 6,52 2,23 13,23 13,48 11,72 8,74
11,67 4,83 2,07 5,77 12,45 5,68 13,07
14,85 8,22 11,54 4,75 6,15 10,97 0,93
8,43 10,99 13,05 9,35 7,04 4,1 14,9
5,08 6,07 3,55 7,45 14,64 3,29 5,6
6,07 3,13 7,45 3,22 12,25 10,64 3,56
10,89 9,98 14,17 11,01 12,9 4,74 0,44
10,94 7,78 8,53 12,17 3,58 9,21 10,79
13,38 2,74 2,7 12,03 14,18 7,98 2,37
10,13 13,91 1,23 4,83 14,6 1,0 12,2
4,6 4,99 7,91 3,73 6,2 5,67 7,09
0,45 9,83 12,45 4,41 12,77 11,25 9,45
8,0 9,34 10,53 5,57 10,26 4,04 3,91
1,4 2,85 13,76 11,74 1,85 10,89 14,11
5,61 13,75 6,73 9,66 10,35 9,54 10,88
0,2 14,44 1,34 11,24 4,61 7,17 6,94
7,79 2,82 3,8 10,22 5,08 10,09 3,84
13,96 5,65 4,86 5,05 3,18 8,11 12,29
2,81 12,01 4,68 8,84 0,94 1,09 5,77
14,13 0,37 13,78 4,13 0,44 5,39 0,16
11,91 4,85 3,76 4,0 3,26 6,52 11,3
11,92 3,06 8,86 12,95 7,27 3,21 5,44
4,28 11,83 2,9 12,1 3,73 7,96 0,29
7,39 2,59 13,1 6,93 4,18 1,87 13,78
5,94 1,83 0,85 5,78 5,81 9,38 0,05
10,51 10,98 8,14 1,4 0,62 7,06 1,05
3,57 3,69 10,02 13,97 3,4 8,59 11,59
5,54 12,84 13,5 11,98 1,51 0,97 7,79
11,06 8,66 9,43 7,38 14,58 3,8 10,26
4,54 11,36 6,16 8,93 12,63 7,66 13,19
0,39 2,5 3,0 9,77 9,27 10,6 10,1