172
4
4,51 8,86 8,5 13,9
4,36 5,75 4,37 6,11
2,45 1,49 14,5 5,12
2,35 11,11 1,57 2,6
6,89 10,96 14,11 7,7
12,35 5,77 13,46 3,94
2,5 4,35 3,35 7,37
4,16 12,18 5,2 12,79
5,42 10,11 14,73 8,58
0,52 0,53 1,22 6,53
4,9 2,43 12,99 4,72
8,28 5,58 1,8 11,65
14,62 11,95 0,23 13,3
13,37 9,59 10,08 6,02
1,86 0,85 8,47 2,81
0,87 6,9 10,4 10,23
3,42 1,26 8,74 3,28
0,39 11,62 13,29 10,63
4,39 5,21 12,54 5,19
2,92 7,45 9,97 10,18
5,05 5,27 10,7 11,4
6,29 4,96 0,23 9,85
10,07 8,19 10,06 0,4
5,42 13,02 10,77 12,51
9,91 4,39 5,37 9,58
11,04 9,33 14,42 13,74
2,06 4,45 2,75 0,06
0,39 3,27 1,44 8,85
0,83 10,61 1,32 6,55
4,1 9,29 9,59 9,74
4,66 8,73 2,12 13,71
8,44 6,66 9,77 12,68
11,97 12,1 2,34 11,47
1,78 0,25 0,67 1,76
1,57 11,67 11,67 1,42
11,83 4,37 3,85 9,5
10,89 3,16 13,04 9,52
7,23 8,88 14,29 12,06
1,34 4,81 9,73 14,35
4,4 13,91 3,7 10,93
7,54 13,02 4,11 9,25
8,38 6,4 6,29 4,4
3,7 13,28 13,56 0,08
8,17 0,32 14,29 13,53
4,74 13,97 7,31 6,2
1,82 5,83 0,22 4,26
1,86 13,21 4,71 10,53
9,83 1,8 5,88 11,01
3,01 9,67 6,98 8,68
0,4 9,11 1,33 4,69
7,43 4,76 14,99 7,1
7,07 0,07 4,76 6,33
9,34 5,79 1,64 8,91
13,26 12,69 14,26 5,96
2,51 11,97 5,98 1,3
11,8 10,52 1,07 3,6
13,72 8,72 8,5 13,26
13,83 13,07 1,78 0,65
10,86 14,07 3,59 3,2
8,62 2,14 6,69 14,87
9,46 12,41 6,4 8,93
6,16 11,88 10,42 12,43
7,68 10,46 8,39 12,73
13,98 6,18 12,75 8,87
3,71 3,43 4,51 7,91
7,9 10,59 0,61 4,8
5,58 14,81 4,08 10,75
11,95 2,75 13,28 13,78
8,55 1,17 10,8 2,91
9,34 4,88 10,64 9,2
6,66 3,38 4,91 14,89
8,2 0,81 12,57 0,67
11,24 14,26 14,81 9,71
9,23 8,84 2,5 1,07
4,43 11,67 5,13 13,64
8,79 11,61 2,13 12,53
13,51 14,15 10,6 5,05
10,89 3,35 5,11 11,48
7,22 9,93 5,64 12,36
5,44 12,53 4,76 3,57
13,36 0,6 0,07 12,39
10,76 9,6 0,17 7,17
13,22 13,75 6,09 10,04
7,18 13,74 14,73 13,75
12,7 11,98 0,68 3,64
7,7 5,71 3,42 13,53
9,79 1,0 9,57 8,01
6,83 13,04 12,08 7,18
13,82 0,2 1,19 1,75
3,99 1,44 4,36 13,69
9,37 5,26 2,51 9,77
7,63 7,52 6,3 12,74
1,62 8,05 0,78 4,5
8,64 7,91 10,33 10,26
13,99 13,06 6,9 10,18
5,61 10,42 9,89 10,4
9,96 4,08 4,66 9,51
10,96 9,66 2,36 8,3
11,85 1,1 3,68 3,44
7,81 3,58 14,19 6,29
9,72 12,51 6,22 12,11
5,97 8,45 1,18 13,33
4,91 2,12 9,6 11,86
1,7 12,91 3,65 7,79
14,28 2,14 13,67 3,84
12,21 12,77 5,58 1,02
1,6 6,18 1,72 9,82
5,4 9,14 10,89 6,88
10,47 2,02 10,04 14,66
2,86 1,37 11,03 1,0
9,3 14,52 10,56 11,09
13,26 13,96 12,03 7,44
13,51 4,43 11,17 13,39
11,47 5,04 3,23 6,24
12,56 9,48 6,59 1,56
13,98 10,37 8,52 0,38
9,19 14,46 14,53 5,0
7,42 0,09 2,07 11,93
10,39 3,51 1,89 4,78
4,74 3,28 6,59 13,97
6,44 6,09 7,17 0,59
10,55 5,42 14,61 3,24
8,99 12,83 6,49 6,66
6,27 13,72 4,55 13,79
2,9 9,11 13,56 2,74
11,0 9,43 5,01 10,29
8,93 4,64 7,55 1,63
2,97 0,75 0,93 3,38
3,05 8,06 13,91 11,8
9,19 1,26 10,6 9,38
10,77 13,46 7,39 6,97
9,25 7,64 9,67 4,58
5,15 1,07 12,38 1,68
2,35 11,36 12,72 6,44
13,65 10,76 4,77 2,87
9,0 7,04 9,07 7,04
0,06 9,17 6,22 9,41
12,76 5,6 12,87 0,55
10,77 9,63 6,32 4,25
14,37 11,59 0,03 11,71
10,27 7,66 10,18 7,0
14,01 8,88 11,3 12,43
12,5 3,35 14,63 13,53
10,77 10,3 9,19 6,9
6,64 6,01 11,2 7,23
0,73 6,05 0,84 9,27
11,66 5,63 3,23 13,12
2,19 2,98 2,23 1,98
5,91 3,54 13,02 13,4
4,46 9,02 0,87 2,68
8,94 9,84 14,63 14,31
3,05 5,41 8,93 6,62
2,35 6,0 8,21 14,53
8,2 0,83 12,08 8,61
1,57 0,79 13,16 4,81
8,66 14,26 11,32 3,67
0,98 3,95 9,68 12,0
11,83 13,08 0,89 14,73
2,35 5,32 2,59 10,61
12,54 8,96 11,99 1,84
13,19 2,8 13,44 5,97
8,43 2,26 13,03 11,65
13,18 4,21 4,16 5,0
2,81 2,57 9,17 14,62
5,65 10,69 12,2 2,51
14,44 14,94 8,14 11,32
4,63 8,22 7,8 2,92
0,1 3,7 4,06 4,53
10,54 10,57 6,12 5,42
3,18 8,41 10,24 7,89
0,16 3,36 10,21 12,48
4,84 14,79 0,23 1,53