94
5
11,55 2,12 4,33 4,95 5,88
10,28 8,49 2,18 10,03 7,87
6,84 6,72 13,62 0,63 10,56
9,45 11,79 14,06 6,23 1,42
10,93 5,82 6,68 14,94 1,78
2,8 8,05 14,92 6,74 11,32
12,42 9,87 5,68 4,73 5,03
1,84 3,26 10,03 11,24 7,0
3,81 2,87 3,05 11,45 9,26
1,4 12,75 5,91 13,92 7,89
11,99 9,59 13,21 10,26 8,41
2,18 13,7 11,45 5,98 3,16
4,35 12,07 11,89 13,43 6,66
0,73 14,48 2,53 2,51 4,24
8,48 8,69 0,13 12,86 9,27
12,65 12,35 11,66 6,44 2,64
10,89 6,56 7,04 10,91 5,76
14,18 11,97 0,83 12,73 11,99
7,19 8,33 1,19 9,81 12,9
6,31 0,01 5,57 11,98 6,06
13,59 7,12 14,16 1,97 9,08
7,97 11,24 5,32 0,32 14,17
13,56 5,13 12,65 5,08 12,94
5,45 3,7 1,85 0,34 12,26
11,52 8,23 9,76 4,16 10,94
8,23 8,53 2,44 4,74 11,82
12,01 8,78 2,52 9,08 8,95
2,66 9,42 14,26 5,0 13,76
2,16 11,83 13,57 6,99 14,01
1,88 14,51 0,51 10,99 9,46
13,02 0,96 13,18 3,64 13,24
12,99 12,6 9,71 1,65 0,07
14,45 9,57 8,63 10,93 14,38
11,72 9,05 3,12 12,02 5,83
11,57 4,45 12,2 0,19 0,59
5,7 14,37 8,9 11,56 11,43
3,11 2,94 9,97 11,47 2,6
9,08 4,88 4,36 7,99 1,86
6,34 2,32 8,89 14,15 10,28
4,99 6,39 14,27 2,61 9,37
12,05 3,14 1,48 14,7 7,98
9,21 1,14 12,75 11,31 11,74
8,64 6,46 14,32 1,36 3,63
1,72 7,55 7,9 0,53 5,09
12,31 8,1 0,77 10,59 13,36
7,88 2,12 1,34 1,27 12,9
13,66 9,05 7,68 5,43 10,38
10,35 0,8 0,77 7,39 11,14
14,14 11,98 7,37 6,77 10,34
1,74 9,68 7,07 6,78 8,45
3,09 7,95 5,39 11,83 9,45
12,02 2,45 9,38 6,97 2,97
2,04 2,07 2,83 14,0 11,11
13,76 7,86 7,96 5,77 5,44
10,2 2,98 5,81 1,43 10,61
6,81 14,74 14,3 11,38 6,55
3,26 11,47 10,04 8,26 12,37
14,06 13,49 8,04 6,7 2,29
6,11 13,11 1,5 0,82 5,45
9,89 7,5 10,69 12,21 1,98
5,36 8,66 14,7 11,69 12,32
9,56 4,24 0,26 11,74 11,65
13,58 4,9 14,39 6,53 4,51
3,76 10,44 13,68 9,29 7,5
9,7 0,64 13,97 12,17 14,73
13,47 3,26 8,95 9,52 4,73
9,3 1,8 11,04 13,52 6,63
5,47 13,64 0,95 13,69 7,77
10,06 8,17 10,26 5,97 6,4
13,71 7,47 7,69 0,18 8,26
2,11 6,25 5,56 6,63 0,81
6,85 0,66 8,32 0,0 9,49
3,52 3,76 7,65 5,01 8,62
3,23 1,38 0,72 14,45 6,45
0,36 2,45 14,89 6,2 13,55
13,53 11,14 12,83 7,65 2,46
5,29 14,59 14,15 9,82 4,3
0,67 12,97 8,04 11,3 9,27
3,35 2,38 0,73 2,67 11,72
2,66 6,12 3,48 10,53 11,5
2,49 2,51 4,38 7,55 7,93
10,55 5,56 6,01 5,42 2,98
1,41 10,66 4,42 9,4 7,38
10,01 5,87 4,55 10,33 14,85
7,48 4,08 1,13 2,71 7,45
11,66 2,13 3,48 7,03 13,71
10,26 10,5 10,46 12,47 4,99
12,83 7,84 10,57 4,42 14,22
0,69 7,24 2,09 9,47 2,12
6,98 10,68 3,13 3,8 10,42
3,88 2,28 1,33 14,18 10,78
6,84 4,96 8,23 6,43 4,63
2,84 9,25 3,44 0,79 0,12
11,71 3,57 8,08 3,21 13,23