176
6
6,73 4,89 12,03 9,13 12,69 3,07
13,26 8,33 14,62 13,98 10,57 13,43
12,96 13,44 6,75 2,09 11,27 5,15
12,53 12,77 14,9 6,51 4,23 3,61
6,81 9,32 6,26 1,79 0,93 5,64
10,73 1,14 13,09 3,12 11,74 9,05
14,88 4,06 14,92 0,02 11,17 4,68
8,63 8,88 11,61 0,44 4,63 12,94
12,49 9,73 13,06 2,74 1,12 12,17
2,95 6,91 13,82 3,41 14,67 10,42
12,44 12,43 10,94 12,3 1,35 5,38
9,47 3,34 2,97 3,58 12,79 14,99
9,17 10,78 12,19 12,88 9,22 10,45
5,38 6,05 14,16 1,36 2,88 6,8
8,26 14,7 0,89 7,57 4,36 0,21
3,14 14,58 0,04 0,1 13,32 0,46
6,85 14,12 13,41 10,09 0,69 14,72
1,35 13,55 3,58 13,02 11,96 7,48
2,9 7,69 10,38 9,04 11,06 10,96
6,95 4,43 3,11 0,41 14,3 8,71
7,66 12,58 3,9 10,04 0,42 5,38
1,9 13,98 2,21 4,37 1,94 7,33
0,03 7,48 1,75 9,42 14,8 1,2
7,12 5,55 5,8 5,58 7,45 6,02
1,22 11,97 14,18 10,91 13,78 7,25
6,15 14,77 2,15 3,64 9,47 8,56
14,98 11,39 1,1 6,39 6,37 1,24
5,08 6,9 14,43 6,77 4,79 3,15
14,1 13,22 3,53 14,75 3,96 2,09
1,32 11,16 10,09 14,98 10,66 1,39
0,21 5,97 1,46 7,13 7,47 13,43
7,63 2,36 10,95 13,04 7,38 10,17
5,38 10,39 11,52 0,01 9,29 3,26
10,57 1,5 4,41 6,38 13,31 2,12
12,56 4,37 14,56 14,31 10,58 10,78
7,32 9,41 10,49 3,82 9,11 1,95
6,6 5,05 8,7 7,98 10,93 10,76
0,62 7,17 2,59 5,91 8,25 11,37
9,03 12,8 5,73 9,99 2,05 3,89
11,25 14,93 8,0 8,08 5,92 13,52
4,29 10,67 0,98 11,27 12,94 13,61
3,65 14,55 10,03 4,12 8,95 2,78
6,66 7,09 2,28 9,62 13,6 1,07
10,95 13,44 11,28 3,87 10,69 1,45
8,09 7,45 9,91 0,33 5,02 6,58
4,29 13,57 10,6 6,48 9,68 10,67
2,49 7,05 5,16 11,83 3,32 11,01
11,97 10,91 3,92 8,17 3,81 9,36
1,06 9,04 0,89 6,59 0,16 2,86
9,99 11,72 5,56 13,38 12,26 14,16
10,61 6,15 10,26 6,81 4,04 3,2
11,35 1,24 5,65 11,46 7,36 0,51
5,35 14,05 12,85 1,33 11,72 8,24
4,6 10,96 7,09 14,41 4,27 6,58
3,68 3,64 2,67 5,02 7,75 10,93
3,28 0,54 5,26 9,37 4,7 7,21
12,37 12,26 0,35 4,83 2,24 10,42
14,77 4,09 13,23 10,94 13,05 14,35
6,64 7,21 6,5 6,49 7,11 6,1
5,58 12,37 4,32 13,56 3,77 1,37
9,28 8,69 2,19 1,59 10,19 1,59
8,49 10,49 0,04 0,22 4,88 0,62
2,45 10,66 6,61 4,8 10,09 7,45
6,73 4,61 2,0 7,54 3,98 2,94
6,95 1,8 5,06 7,7 14,99 3,55
3,3 2,83 9,26 8,02 2,38 1,75
10,7 11,25 8,08 13,58 0,01 9,32
13,57 12,22 10,39 1,19 7,29 0,91
8,99 10,0 13,8 11,15 7,2 11,01
13,63 9,14 12,47 6,69 8,76 1,25
4,82 7,85 8,25 1,07 13,12 6,76
3,91 1,04 9,78 10,37 7,14 3,14
13,94 8,28 4,19 13,96 10,28 2,02
11,68 3,41 5,07 9,57 0,45 10,18
6,73 11,72 7,91 9,84 9,27 13,51
8,58 5,77 6,82 8,35 10,78 4,84
10,62 1,63 6,81 5,29 3,59 3,26
0,05 8,55 1,76 5,8 11,61 11,36
4,65 8,7 13,84 13,4 5,76 10,43
6,18 8,11 1,56 1,91 1,08 5,86
7,34 13,73 4,39 10,3 2,49 14,5
0,02 12,28 9,01 1,69 5,92 5,05
7,92 8,64 12,11 9,4 7,9 1,23
1,62 1,39 2,07 2,2 9,62 8,52
5,22 1,31 10,84 14,08 0,21 7,02
4,94 6,22 10,74 11,67 3,64 10,21
0,25 0,87 11,31 0,45 1,47 12,43
2,11 1,06 4,77 7,83 12,79 9,07
11,61 2,7 11,4 0,72 0,44 14,79
3,93 11,36 6,05 11,07 5,09 2,15
1,18 13,92 10,85 4,65 11,16 0,78
14,11 1,4 2,6 0,45 9,52 8,88
4,05 10,06 7,92 0,99 3,35 12,44
7,8 7,95 14,59 5,89 3,4 2,81
2,05 8,11 13,9 8,1 1,99 5,97
11,66 14,95 9,16 0,81 6,31 7,24
5,39 5,65 10,56 14,25 3,56 8,59
6,54 8,31 6,14 4,37 11,09 10,52
10,59 13,96 2,02 13,75 8,81 3,98
8,72 7,86 9,4 3,1 4,17 9,18
7,56 2,11 4,13 12,65 0,02 3,01
11,47 1,5 9,0 9,99 9,31 12,79
5,18 7,74 6,96 6,96 2,34 7,04
9,29 3,86 5,35 7,61 6,07 11,65
6,55 10,56 7,05 8,99 10,57 3,06
6,86 12,46 13,84 10,41 2,43 9,62
10,34 3,01 8,73 11,43 2,4 6,97
7,93 0,88 8,1 8,48 0,93 9,37
2,21 10,23 11,69 7,45 12,07 3,64
6,52 3,22 5,22 1,37 13,86 1,45
3,73 7,55 5,55 9,26 8,82 13,79
9,87 2,25 9,49 9,99 13,06 4,14
1,91 0,5 8,31 9,38 3,4 4,21
9,18 1,78 10,52 0,23 9,76 12,92
3,36 12,13 7,84 14,68 8,22 10,55
8,12 2,2 1,47 3,95 4,02 10,35
12,92 13,31 4,74 12,0 14,51 0,44
6,97 2,25 9,41 14,31 9,31 0,19
4,78 6,7 1,03 9,04 7,96 2,0
9,78 3,12 0,63 14,12 13,55 13,08
10,12 6,11 14,49 7,88 14,49 10,29
6,88 4,59 0,64 5,51 10,01 6,35
6,94 0,84 14,78 8,05 13,12 2,17
3,05 11,61 8,94 7,78 5,45 3,29
4,38 7,04 4,77 10,48 6,87 14,18
14,57 5,95 2,65 3,0 9,48 3,0
5,11 10,03 4,4 1,49 11,89 2,06
0,57 10,37 9,66 0,21 7,02 11,41
8,33 7,66 4,78 13,0 7,61 4,28
0,41 13,52 14,39 6,1 3,8 14,05
5,74 6,15 9,49 14,78 2,87 7,7
7,07 10,41 9,12 12,79 11,3 8,09
10,33 10,45 14,24 1,04 14,64 10,03
4,41 3,11 12,57 5,17 2,52 2,65
12,57 9,15 12,87 11,31 4,2 7,98
2,73 3,94 14,39 14,44 8,0 1,9
9,85 7,71 9,41 2,52 13,89 4,85
3,53 6,39 13,65 12,3 14,15 1,9
7,56 5,38 9,47 4,72 7,79 12,95
10,62 11,9 5,64 9,07 13,26 14,3
8,41 2,44 6,03 7,3 13,59 1,46
12,94 12,48 13,95 3,45 4,18 7,18
3,54 2,45 6,96 14,5 10,3 0,18
4,66 9,35 6,2 4,6 5,26 10,42
11,06 6,06 8,43 11,75 11,94 1,56
7,11 4,82 13,01 11,23 8,2 8,38
0,55 10,64 12,29 9,98 13,08 12,23
4,08 13,57 11,0 10,46 2,57 8,41
6,18 0,47 10,29 2,67 3,11 12,74
13,67 7,25 8,4 2,81 5,21 9,29
11,73 2,72 6,32 11,35 8,85 14,44
3,09 13,18 14,04 10,0 6,08 1,07
10,97 4,39 9,7 12,58 1,78 1,29
2,71 6,62 8,64 8,73 10,33 5,35
3,48 0,04 9,96 5,37 3,78 5,84
4,0 12,24 11,04 14,85 5,29 2,99
11,25 0,32 12,86 0,04 13,51 10,11
3,61 13,03 12,86 5,46 9,83 4,82
11,79 5,91 12,67 11,33 3,48 5,14
14,6 0,99 10,13 0,33 6,98 1,77
6,87 2,72 12,9 9,84 2,63 8,8
6,54 6,47 8,29 5,63 5,67 5,75
6,51 5,85 5,86 8,61 6,73 14,45
4,13 1,98 5,56 0,23 6,15 7,82
10,44 14,62 3,86 4,89 3,23 9,39
7,36 14,9 11,92 12,6 8,83 12,93
1,64 5,08 3,65 0,38 3,04 2,88
3,31 4,68 5,28 0,5 10,44 0,73
7,57 9,86 8,72 11,62 0,47 4,92
5,11 4,44 9,9 1,78 6,85 5,06
11,48 4,56 11,17 7,32 10,94 2,65
10,6 5,62 6,1 1,22 1,69 2,47
11,67 11,12 7,07 14,34 0,3 8,55
5,71 5,15 5,09 14,37 5,86 6,75
9,05 0,74 14,7 1,27 9,77 1,81
12,29 2,96 2,37 0,73 8,25 3,11