109
4
14,02 11,54 6,88 7,92
12,7 10,66 13,87 1,48
13,89 9,07 14,54 6,31
9,87 14,83 1,9 4,49
0,34 4,86 5,31 10,03
4,45 10,28 4,67 6,17
1,42 9,66 9,19 9,53
2,9 13,4 8,77 11,79
7,84 0,93 8,88 13,78
7,41 7,07 8,54 13,6
9,86 5,26 4,16 1,91
5,94 9,96 2,45 5,59
10,4 2,44 9,64 10,86
5,01 7,53 10,9 10,82
8,73 9,01 8,98 8,01
10,55 9,02 8,86 8,26
8,69 8,82 0,17 11,84
10,01 3,53 3,64 6,44
7,43 12,08 2,52 1,75
7,9 10,1 1,04 10,19
6,29 14,74 14,83 0,12
7,7 12,95 7,08 1,37
3,73 5,52 9,42 13,25
9,42 12,34 12,06 6,21
14,97 6,36 1,39 2,22
7,35 9,45 10,96 8,18
2,96 8,98 10,47 3,92
13,95 1,95 11,43 9,16
7,44 14,55 14,95 11,22
11,19 11,65 12,01 5,35
14,44 12,8 10,45 11,5
12,54 12,67 7,65 6,39
1,51 7,97 0,26 13,13
14,5 5,29 2,57 8,04
13,5 11,12 6,28 12,41
3,75 8,09 6,5 8,91
11,88 3,88 12,28 9,68
11,9 12,11 11,15 14,25
6,96 0,96 5,62 9,33
1,14 13,03 4,17 7,0
11,57 1,82 9,57 1,08
0,37 2,92 6,34 6,88
10,11 8,83 10,64 12,62
5,51 12,99 4,07 8,38
3,36 13,46 5,83 7,07
8,7 8,1 2,43 3,76
10,36 10,53 5,2 14,04
11,28 4,65 8,47 0,73
14,33 8,38 6,77 11,7
11,64 10,29 10,44 6,23
2,36 3,9 4,45 1,18
14,49 5,36 9,99 5,59
9,3 10,51 2,48 5,59
2,88 4,42 13,05 13,49
11,3 4,18 14,56 6,01
11,51 12,43 5,88 8,84
10,58 8,65 2,42 2,51
1,85 12,06 14,95 0,28
6,38 11,62 14,37 13,73
9,89 11,92 2,68 2,47
3,26 13,92 13,49 3,18
10,96 14,83 12,3 10,02
2,18 3,61 5,49 13,34
8,02 10,06 9,19 0,37
1,72 5,26 6,2 14,66
4,03 3,13 3,02 0,25
11,45 5,04 5,28 0,74
3,16 5,91 10,3 12,81
11,61 5,3 10,43 1,55
11,08 13,94 6,04 4,12
8,49 13,87 4,89 4,24
10,2 9,36 14,42 11,24
13,57 13,28 13,5 4,69
4,39 5,27 6,92 13,9
11,81 13,53 2,68 8,04
1,24 11,23 4,97 3,67
0,59 6,93 10,51 0,2
12,98 2,97 8,91 6,26
5,31 12,07 6,75 11,35
5,35 4,35 8,98 9,73
14,6 6,38 7,06 14,12
3,19 13,13 4,24 14,42
7,1 5,78 4,59 10,93
6,12 0,91 12,09 7,84
1,84 13,11 2,38 13,87
4,63 11,38 3,11 5,4
9,97 14,35 13,99 11,27
6,28 9,56 0,79 11,11
14,59 3,68 14,72 10,71
7,43 3,87 13,87 4,8
2,13 4,52 1,87 3,95
9,58 8,2 8,35 7,05
3,97 11,06 12,92 5,9
1,32 4,65 4,69 13,14
5,16 12,59 10,16 8,29
0,11 8,6 2,16 10,84
8,46 13,66 3,87 8,63
10,56 0,0 12,61 1,46
7,92 1,2 13,24 9,21
8,19 5,7 7,72 13,0
3,15 6,1 13,66 14,81
5,5 11,77 11,02 13,19
6,78 13,98 0,03 5,14
10,11 12,47 4,05 10,48
3,13 12,62 14,81 7,09
13,31 13,39 4,58 6,01
4,43 7,94 10,25 6,6
4,39 5,14 0,69 2,69
9,69 13,12 4,26 7,62