48
3
13,18 7,78 0,02
9,09 10,2 12,51
6,23 13,48 14,34
11,76 8,58 13,36
6,92 12,08 14,33
9,21 9,28 6,58
8,4 14,45 5,86
12,7 6,08 11,74
13,72 4,2 6,37
8,04 1,33 11,86
14,14 0,86 0,22
5,94 2,79 5,04
4,8 9,3 13,72
3,33 8,11 7,1
5,54 11,7 6,58
7,65 0,55 12,4
14,59 13,06 5,41
14,18 9,51 4,13
10,42 2,37 2,6
3,99 10,16 10,73
10,97 13,4 10,61
8,56 7,08 14,0
8,35 1,09 10,05
13,41 4,49 7,85
5,2 4,19 0,67
0,52 6,73 6,16
10,47 3,77 0,73
1,82 12,27 11,48
8,58 4,53 14,49
3,17 0,49 6,54
14,34 9,51 8,1
12,84 7,02 5,62
4,18 12,33 8,18
5,75 2,33 12,87
14,38 2,87 10,44
11,39 5,99 10,98
3,09 12,93 6,45
0,72 10,29 0,9
4,68 13,84 2,12
4,23 4,78 14,08
10,36 1,69 4,48
2,93 14,6 13,69
0,66 1,84 2,83
4,29 3,95 3,48
4,94 4,62 6,94
6,44 4,47 14,62
9,39 6,04 7,21
14,2 4,96 12,44