109
9
11,55 1,02 8,95 3,47 11,27 8,56 7,24 10,22 14,36
11,41 8,95 6,27 9,13 5,14 12,57 3,94 7,03 7,76
12,25 4,21 4,06 9,97 8,38 8,61 5,92 0,94 0,93
13,43 3,48 10,87 4,83 2,16 4,81 7,14 3,11 2,95
1,58 6,11 3,69 10,53 4,49 10,27 7,1 1,88 11,17
2,19 2,98 2,39 4,08 13,55 0,63 3,48 11,47 4,33
10,06 12,15 8,61 13,5 10,0 3,61 0,65 11,73 8,26
1,5 13,06 2,6 5,6 8,52 14,48 2,85 4,79 4,47
13,15 13,62 7,16 10,87 11,49 5,29 7,43 8,43 8,41
2,96 6,03 5,81 13,37 11,38 3,22 1,03 9,33 0,56
12,24 1,67 0,57 13,18 1,19 5,1 13,4 7,46 10,28
12,64 7,47 3,46 4,99 8,57 7,53 11,43 7,99 9,02
13,45 10,7 1,83 11,63 14,55 11,21 7,46 2,1 6,14
9,61 9,86 0,03 7,21 8,8 8,88 10,66 6,44 10,85
10,19 13,55 14,28 10,2 8,11 0,86 1,05 14,84 8,16
6,31 0,4 6,44 2,22 13,66 12,35 3,23 0,19 8,85
5,45 5,01 7,05 10,14 12,2 11,77 6,48 10,68 4,48
14,91 3,95 10,52 3,48 14,79 7,91 3,23 8,93 3,71
1,13 4,09 11,09 3,38 1,89 12,62 13,16 6,17 6,32
2,34 1,1 2,61 10,72 6,47 8,07 11,33 6,0 5,47
4,3 11,35 0,44 1,98 12,93 12,19 1,1 2,36 3,53
3,84 4,23 1,82 6,65 7,03 6,95 7,48 1,74 9,28
1,54 8,97 8,59 4,78 13,28 6,28 10,63 7,51 14,63
3,06 13,99 4,51 1,48 7,13 4,46 9,54 13,63 6,62
9,32 8,42 2,07 13,84 9,7 2,19 10,95 7,41 14,44
6,4 6,32 0,18 5,55 4,08 14,52 12,09 5,06 12,45
13,22 2,71 13,55 2,02 1,33 2,24 14,66 10,75 10,22
11,21 13,31 9,87 1,73 9,06 4,89 3,78 3,83 3,99
9,95 7,99 10,09 13,01 11,84 6,92 13,05 14,11 2,79
4,93 13,22 4,35 8,49 9,84 9,3 12,56 9,93 3,79
5,01 2,54 5,47 6,36 9,47 11,19 0,68 8,52 9,47
4,31 11,15 10,58 3,02 0,73 0,73 5,31 7,14 0,41
8,38 4,64 11,85 13,72 13,65 7,1 2,54 11,68 10,09
10,78 1,66 5,55 14,96 7,35 10,44 13,86 11,11 9,49
11,98 10,85 3,55 5,5 3,48 10,35 5,06 7,86 2,08
11,85 8,36 0,44 5,54 4,96 14,3 1,32 11,3 7,77
11,5 6,65 1,77 3,18 6,1 14,81 8,23 11,31 4,36
14,59 12,07 6,39 0,0 12,41 10,76 6,27 0,03 6,08
0,01 11,27 10,55 12,23 4,3 9,04 0,79 3,98 6,62
13,85 3,74 12,07 3,32 2,01 0,13 6,99 0,75 9,08
11,61 14,86 8,32 10,66 6,44 0,3 0,66 6,07 0,33
13,98 13,72 1,12 1,82 4,65 11,85 7,61 3,66 10,19
5,8 8,58 3,58 0,08 8,11 3,61 1,64 10,8 1,34
2,32 8,4 9,71 0,27 12,9 2,48 11,98 6,31 5,14
8,24 10,56 8,92 8,35 10,57 13,31 2,86 8,27 14,01
4,26 10,12 10,06 11,92 12,36 5,47 2,77 7,14 13,09
9,7 12,64 7,82 11,46 3,75 6,35 2,59 6,38 6,0
3,83 13,36 4,28 14,29 9,38 11,41 6,9 3,18 14,18
5,4 0,23 8,09 6,3 8,47 7,59 0,64 10,76 8,72
13,16 6,14 2,21 3,54 2,57 0,22 12,97 6,14 2,41
5,44 13,82 6,03 0,5 13,72 12,52 4,79 3,33 14,44
5,91 8,52 14,74 6,96 12,26 3,66 4,31 4,07 7,44
14,46 3,41 7,97 11,87 11,4 0,81 2,72 2,56 1,59
14,6 10,37 5,99 4,21 7,98 1,52 0,49 12,36 13,14
10,84 13,77 8,59 13,92 0,19 8,49 10,44 3,49 0,13
4,11 5,31 6,16 13,42 7,39 14,53 3,72 11,6 10,61
10,51 0,25 5,63 8,35 10,62 6,74 6,01 3,57 5,11
1,24 10,32 11,58 6,15 10,02 4,41 5,94 8,59 4,59
6,16 13,8 4,63 10,16 4,2 11,98 2,36 5,66 7,32
11,16 10,02 8,53 13,24 6,99 6,69 9,43 7,18 7,04
8,69 9,06 9,7 5,6 10,98 9,5 3,12 9,23 10,08
13,93 4,92 8,0 13,66 13,13 1,45 3,96 3,67 1,27
5,15 5,74 11,44 1,41 0,09 9,49 9,95 0,24 0,23
9,27 5,83 3,03 4,81 5,37 0,41 3,04 12,67 9,22
10,75 11,4 6,96 12,46 10,23 5,28 3,13 2,12 0,08
12,15 2,06 10,24 13,7 10,74 6,88 4,62 3,8 8,34
0,21 12,82 14,12 5,39 0,51 12,25 1,95 13,7 8,79
11,97 2,2 14,38 9,88 10,64 1,05 0,41 8,65 2,44
7,79 9,9 12,39 3,21 7,43 7,03 14,62 7,27 2,4
0,23 5,17 14,48 1,01 11,81 9,81 12,14 10,27 6,39
7,46 7,05 4,03 4,68 7,13 10,74 1,04 8,14 6,38
8,2 9,14 9,97 9,55 4,33 11,1 1,1 2,33 4,61
1,29 9,22 10,15 14,57 8,66 14,29 3,21 7,32 0,13
7,77 7,77 11,65 14,41 13,52 9,95 11,93 4,67 5,67
1,21 7,88 5,93 5,98 13,05 1,64 6,29 1,88 5,34
6,59 3,51 11,47 9,75 9,34 14,12 12,27 11,62 8,5
0,13 11,11 0,84 9,37 7,47 2,87 11,92 9,87 3,08
3,13 7,15 12,71 2,1 10,57 2,68 3,36 5,89 6,38
14,14 1,86 14,68 12,52 12,06 11,92 5,99 10,31 8,44
4,78 2,12 5,66 4,06 13,62 3,85 8,0 0,14 14,22
7,31 2,69 4,47 0,86 14,12 5,16 13,13 6,05 2,93
1,74 11,48 3,22 2,01 10,55 10,8 12,58 3,52 1,74
11,79 0,89 11,45 9,98 14,38 8,24 13,8 9,12 3,75
0,94 1,88 2,22 0,87 0,44 14,33 4,79 1,72 1,45
1,53 4,22 8,17 2,74 0,9 11,17 4,9 13,21 12,58
11,98 9,05 7,38 10,26 5,84 5,21 8,63 1,57 6,42
9,02 13,12 10,63 1,83 9,85 14,94 4,14 5,95 7,19
11,61 11,91 5,85 6,13 7,4 10,22 12,58 13,7 11,53
14,02 3,16 11,56 6,47 6,44 12,79 11,37 2,6 12,12
3,12 12,24 6,64 1,47 13,5 10,38 5,2 5,48 2,24
0,21 10,0 14,1 1,93 6,29 10,98 2,65 12,65 12,51
6,3 12,54 12,03 5,93 2,55 10,69 10,17 9,52 4,97
12,1 1,33 14,36 4,98 0,96 0,07 6,35 9,3 10,23
5,47 10,1 3,2 6,23 3,13 8,74 6,52 6,94 1,42
2,73 9,69 1,13 10,46 0,49 13,57 8,75 2,7 5,77
9,33 12,02 9,2 0,24 0,75 8,37 7,46 5,82 14,44
11,51 8,82 8,51 13,25 13,28 11,3 13,95 1,98 12,68
11,45 2,13 7,16 14,3 3,34 11,85 0,3 8,96 10,95
2,76 5,12 4,82 10,6 11,6 0,44 2,08 2,02 4,88
0,88 3,56 13,33 5,65 14,9 8,01 3,18 7,68 2,09
6,86 12,47 0,27 5,36 10,19 0,27 6,92 6,1 10,3
14,18 8,94 12,02 5,79 6,35 0,14 1,01 10,03 4,92
1,36 5,47 0,92 10,95 13,22 14,48 11,94 12,57 6,16
12,72 10,94 7,17 2,91 3,11 1,4 14,85 10,37 14,49
1,03 1,85 0,68 0,51 11,8 13,07 9,4 3,1 10,12
11,4 14,86 8,09 14,14 4,11 1,57 13,73 6,9 13,95
12,32 13,47 11,87 9,78 2,67 13,69 0,6 9,64 13,44
4,04 2,6 7,33 11,7 2,35 8,66 14,06 13,84 3,87
4,17 2,0 6,85 2,0 5,98 0,3 10,48 8,79 9,6