155
6
11,21 4,55 11,43 10,98 5,46 1,34
1,66 14,17 0,2 0,75 13,08 8,63
9,29 0,13 8,99 6,2 1,57 9,07
14,87 3,67 13,96 9,24 2,98 6,79
9,77 12,97 12,85 0,56 3,2 5,63
8,57 9,87 13,15 14,78 4,21 3,8
8,64 14,76 2,4 14,58 5,64 5,27
13,42 2,78 11,92 13,97 4,92 7,17
0,12 10,92 11,65 5,29 8,88 14,59
3,66 0,16 7,0 5,2 7,83 2,9
5,41 10,49 14,22 9,64 8,78 14,16
5,96 8,36 8,45 1,29 4,09 13,72
12,22 3,19 3,45 13,88 4,97 11,2
6,42 13,83 6,84 13,3 1,89 4,13
7,51 14,51 9,91 11,43 3,54 1,29
8,35 3,11 7,08 1,38 12,84 2,86
0,07 11,75 4,11 13,21 13,06 12,4
14,51 13,33 13,05 8,5 15,0 3,67
9,71 9,62 13,98 14,49 1,19 14,97
14,92 5,04 5,16 14,63 12,31 7,73
8,5 14,72 13,98 14,18 0,42 11,8
8,94 7,72 6,52 12,05 14,34 0,86
1,12 2,44 5,0 6,06 4,93 11,11
12,82 11,6 14,14 10,46 14,35 14,83
6,29 3,09 6,41 3,45 7,07 6,19
14,05 12,77 12,41 0,87 14,44 8,67
11,64 14,19 5,81 7,69 10,73 11,81
11,24 10,54 10,79 11,68 1,48 6,24
8,79 7,02 8,85 0,09 4,74 1,33
11,53 3,7 2,18 13,18 6,29 7,03
13,25 12,57 6,65 0,55 11,95 8,07
9,5 6,45 10,91 7,68 1,41 14,25
9,16 10,74 8,89 1,86 3,36 3,42
11,17 9,03 1,25 9,14 3,96 5,2
14,94 3,03 12,26 9,33 3,8 12,28
5,65 7,83 6,89 12,33 2,21 3,74
9,58 4,71 7,96 2,4 7,17 9,98
4,61 11,47 14,2 13,23 11,96 9,44
1,71 4,81 10,98 3,05 9,73 14,84
2,66 0,06 8,5 5,26 8,75 8,91
7,42 5,05 1,55 14,58 8,6 0,91
13,94 14,4 0,31 9,15 3,33 3,29
4,3 9,19 1,63 11,21 10,02 11,12
12,43 9,18 0,99 12,4 13,53 11,36
11,57 4,85 0,2 14,68 4,06 2,25
0,77 8,34 0,17 7,32 4,28 0,87
14,16 9,17 9,11 7,72 14,61 4,04
12,18 11,76 12,02 13,11 14,01 9,95
12,32 10,07 7,34 6,38 8,01 0,5
12,62 12,26 6,84 12,34 5,78 13,84
5,11 0,4 10,41 3,26 14,78 4,12
3,54 12,71 13,33 6,11 3,01 4,85
8,11 14,78 13,03 7,44 7,32 6,3
10,38 7,54 6,89 11,0 5,75 5,08
6,7 8,43 6,77 11,17 0,42 14,75
11,06 2,89 7,6 9,97 13,18 6,75
5,64 11,08 11,74 12,62 6,68 6,52
13,45 0,26 12,54 0,57 1,37 1,43
12,54 8,48 7,67 4,42 3,53 0,35
12,03 3,43 10,6 11,12 0,46 5,75
4,97 2,29 2,15 6,94 14,82 12,15
1,25 10,63 0,7 4,34 6,28 13,39
3,59 0,05 7,78 12,11 0,5 7,12
7,76 8,35 9,46 13,21 2,3 4,6
11,69 4,37 5,9 11,31 12,53 3,3
10,66 3,76 7,26 6,81 3,21 8,59
14,88 5,51 11,46 4,66 4,23 3,38
12,01 11,97 10,4 10,43 13,56 11,93
9,67 9,76 12,82 12,44 8,4 13,73
0,71 3,53 14,11 14,68 8,59 14,5
1,91 0,18 4,0 2,82 3,29 0,17
9,49 1,29 12,07 2,48 14,12 7,94
4,44 7,05 6,39 3,06 9,69 9,81
3,36 6,33 11,41 14,18 10,07 9,34
9,5 4,69 10,36 0,51 1,93 0,87
5,23 8,19 3,75 2,12 5,84 5,64
12,28 0,16 13,08 5,62 11,51 8,16
10,81 4,32 1,94 2,58 12,34 9,04
6,6 1,66 7,83 13,3 3,27 5,5
3,89 14,22 4,71 7,09 9,08 1,44
1,37 3,08 14,42 9,23 10,89 9,04
3,52 13,83 14,97 4,37 13,32 2,45
8,9 14,87 3,38 14,27 9,3 8,55
8,41 2,34 11,52 9,29 0,71 3,64
0,02 14,01 4,46 10,88 3,59 2,29
6,24 5,28 12,51 9,62 4,36 5,45
6,44 10,61 4,1 2,87 0,92 14,25
11,77 9,93 13,43 3,01 3,52 0,59
6,16 4,72 8,99 5,79 9,71 14,5
0,67 2,4 8,33 12,25 5,75 2,4
8,02 5,16 10,97 1,55 12,11 7,86
4,21 1,56 10,76 6,69 9,7 14,84
11,98 4,06 13,51 1,55 6,78 3,24
10,91 10,89 1,83 0,68 5,0 9,88
0,61 13,35 7,26 5,4 9,38 5,84
14,51 12,29 10,1 5,35 10,4 8,41
5,12 13,46 15,0 11,44 10,55 1,39
8,1 3,54 5,58 8,57 7,19 13,18
13,54 3,89 0,35 2,67 2,28 7,09
13,26 4,57 10,61 3,11 9,74 4,97
4,08 4,7 5,37 13,54 10,24 0,6
14,53 8,5 12,2 5,73 2,04 13,36
12,07 4,02 10,67 14,0 4,46 12,31
2,56 12,1 10,12 13,1 3,18 12,89
8,75 1,12 1,23 5,83 3,18 11,88
7,21 13,23 10,72 9,84 6,11 12,31
3,81 4,43 10,42 11,65 9,71 0,52
5,05 14,06 7,68 4,08 12,0 9,15
14,6 1,28 9,52 7,71 6,99 7,58
5,68 2,55 14,53 6,86 0,2 11,19
14,83 3,71 0,98 7,01 13,85 13,6
4,21 6,83 12,62 12,23 14,78 5,22
2,65 6,33 10,82 4,95 4,21 10,0
14,91 8,15 1,0 11,09 11,73 8,92
12,62 7,86 12,89 10,41 1,83 7,57
0,01 4,69 4,91 2,79 11,45 12,97
0,4 3,06 1,51 7,82 3,0 1,99
12,96 9,36 14,22 1,91 1,55 6,45
0,39 0,83 12,44 10,41 4,83 11,29
10,05 8,19 0,89 12,73 11,29 4,36
3,1 6,28 1,97 1,53 14,64 5,58
4,01 1,64 2,96 3,58 2,58 8,2
1,99 2,93 10,51 13,44 8,51 5,23
3,34 8,98 7,68 2,78 11,62 4,18
1,69 6,98 0,68 7,49 12,69 1,44
0,57 0,61 9,77 10,31 3,17 5,08
14,43 6,18 5,32 10,39 3,48 4,89
12,77 9,43 3,72 7,26 9,64 6,02
2,56 2,79 1,5 4,29 6,88 8,41
12,47 7,89 0,85 6,39 0,42 8,09
14,94 8,18 5,8 3,93 0,58 4,08
8,83 5,2 4,76 5,92 10,66 4,92
0,2 3,92 7,41 5,48 4,27 13,31
11,06 3,26 6,15 14,3 13,36 1,64
14,41 6,88 13,84 8,53 1,85 14,85
10,36 13,1 0,2 14,85 7,97 12,34
6,56 1,18 5,6 4,07 4,42 12,71
3,49 0,9 6,08 5,85 14,31 8,31
2,0 14,79 3,79 13,78 14,18 3,3
13,24 4,08 9,18 2,78 10,83 1,18
2,37 12,52 2,69 0,77 14,43 4,98
6,89 4,12 13,98 0,25 5,89 3,12
8,57 10,69 7,82 1,88 12,98 2,86
11,63 7,68 9,63 8,31 8,04 7,83
12,52 1,92 8,81 2,6 6,98 1,23
12,34 3,45 5,37 13,75 8,65 4,66
9,74 13,47 5,63 12,88 13,73 2,22
0,72 15,0 14,05 13,23 0,46 14,16
8,65 0,99 4,13 8,6 0,57 14,46
6,82 7,63 5,59 0,49 7,96 10,81
9,46 2,88 13,95 1,01 0,41 4,6
6,74 6,13 13,94 5,16 4,64 6,87
9,87 5,63 0,58 4,02 2,19 9,64
3,99 9,69 8,3 4,97 7,69 11,6
1,24 1,36 3,5 14,77 2,7 8,01