152
3
1,04 4,71 11,68
9,43 7,91 0,97
5,51 5,8 3,16
5,41 4,28 4,15
9,87 7,83 14,98
7,62 7,31 5,99
3,12 6,79 2,5
2,79 10,89 9,25
3,24 1,8 12,11
13,67 5,07 10,56
6,01 2,71 1,95
13,92 9,97 2,12
0,68 4,64 14,57
0,51 11,05 9,05
10,05 3,36 2,8
7,66 9,95 3,7
13,83 4,24 8,13
9,48 8,92 6,46
2,85 4,02 1,44
1,02 12,98 3,79
8,63 11,71 5,97
1,65 8,96 2,98
1,57 14,23 7,17
2,78 11,08 1,42
0,21 10,68 14,78
6,78 12,13 12,93
2,91 14,27 11,16
7,03 9,91 5,52
8,7 4,36 2,84
11,05 8,27 3,92
5,19 14,06 1,11
7,73 12,87 9,27
8,23 4,94 0,26
13,22 3,49 6,67
2,57 7,9 4,33
9,69 8,84 10,28
13,56 9,52 9,94
9,11 6,39 5,77
12,31 0,6 7,02
12,51 7,57 2,63
6,21 12,15 9,79
14,14 8,69 13,56
11,01 5,95 7,6
11,19 1,55 12,6
5,75 4,71 9,09
7,21 6,95 6,63
8,52 9,46 13,12
10,35 7,38 7,93
5,94 10,37 6,87
13,97 5,52 2,41
14,31 1,8 5,35
14,77 11,11 12,18
12,1 1,27 14,43
8,57 0,0 3,74
4,58 3,21 9,42
8,42 13,81 3,64
14,58 11,2 11,79
8,14 12,58 12,49
0,64 3,31 12,8
9,72 4,57 10,55
11,28 7,94 12,07
5,47 2,84 13,22
12,89 11,47 14,07
3,89 12,24 9,24
5,27 13,43 9,84
13,6 6,77 1,72
1,06 7,04 1,14
6,2 12,14 8,56
9,83 0,71 13,11
0,98 3,81 0,81
14,18 7,56 1,89
7,24 2,25 11,39
1,81 11,58 2,81
12,73 6,44 9,98
9,81 13,47 1,84
8,32 2,53 10,6
6,07 14,93 6,63
7,85 14,77 8,71
3,4 9,85 10,45
8,16 13,93 10,34
5,99 8,0 11,65
6,77 8,86 7,78
3,82 2,69 8,3
5,22 4,33 3,16
7,44 2,65 7,3
12,06 5,85 6,7
9,61 2,38 5,61
8,57 0,4 12,34
8,38 13,0 3,24
7,48 3,69 11,66
3,25 13,87 3,45
13,91 11,41 0,66
0,49 3,6 8,85
12,93 0,56 7,14
2,38 0,27 13,97
5,99 11,42 9,65
9,06 8,48 13,54
3,76 2,35 6,79
2,34 0,75 1,61
5,08 2,75 13,13
14,74 6,0 14,72
7,84 11,89 0,46
9,81 14,74 7,39
13,74 13,98 14,58
1,86 9,56 6,81
14,17 12,86 12,37
13,99 11,49 5,92
11,21 6,84 14,14
7,09 9,21 8,5
11,97 10,08 13,96
2,64 10,65 4,83
5,77 4,22 8,16
0,33 7,53 14,33
11,79 6,28 2,69
3,71 4,95 3,51
8,69 8,13 4,38
3,91 4,5 2,12
10,52 13,73 11,2
7,83 4,21 11,42
0,4 3,0 6,7
6,93 2,33 0,68
0,77 10,94 10,54
5,16 4,6 8,14
7,03 11,68 10,03
2,79 2,9 5,45
4,49 10,7 7,41
3,75 12,47 5,08
0,3 2,13 0,51
6,76 3,45 12,0
0,47 11,66 6,63
7,43 1,51 4,11
14,7 11,65 9,47
5,42 12,18 6,14
5,79 10,83 9,96
10,06 14,29 8,28
6,68 14,42 10,22
4,27 1,23 11,85
11,38 8,92 4,88
9,06 7,74 0,32
4,31 3,66 6,87
4,92 10,03 3,42
0,81 10,53 0,2
3,55 6,85 11,37
5,18 2,78 9,69
2,34 6,83 3,68
5,01 2,92 2,05
6,79 0,66 1,59
12,17 2,74 6,41
5,16 8,82 0,39
9,58 6,44 7,13
0,72 1,21 2,65
0,2 7,84 7,56