54
2
5,0 10,33
6,57 11,49
4,05 14,73
0,9 8,66
6,17 7,85
4,22 11,83
0,53 1,53
14,7 1,64
13,39 13,62
6,26 12,08
13,76 8,49
7,91 12,16
9,8 7,84
3,47 3,9
1,98 14,8
6,96 3,64
11,6 13,1
9,88 14,96
7,78 6,32
12,71 0,48
11,59 6,94
11,55 13,63
5,3 9,97
6,29 12,28
6,8 14,7
0,68 6,58
12,13 6,0
0,12 7,2
5,95 7,43
9,34 2,37
2,6 9,38
13,72 3,42
14,2 2,37
14,18 2,79
9,72 2,56
2,93 12,21
0,57 11,45
0,81 6,88
2,58 0,94
11,78 12,05
8,45 14,68
6,27 13,95
13,53 0,34
1,68 0,6
5,64 13,19
14,26 3,89
11,71 1,24
8,84 2,71
5,86 10,27
7,82 7,3
4,15 6,42
8,21 11,55
7,88 0,94
11,9 7,82