122
5
4,31 1,69 4,91 8,78 13,59
5,5 4,06 8,88 4,62 6,95
1,62 5,83 14,19 1,29 1,11
1,06 9,9 13,43 7,52 3,06
8,16 13,45 12,24 0,77 8,87
4,82 8,14 14,35 12,91 6,37
6,09 3,41 13,13 4,12 11,2
5,83 8,94 12,61 9,1 2,71
11,91 13,8 12,09 11,21 4,57
0,48 0,69 8,34 3,57 11,46
1,71 0,51 5,22 14,47 14,61
8,44 11,15 11,21 4,67 5,83
0,24 5,61 5,49 5,64 7,93
1,49 7,48 6,32 8,22 9,71
8,36 3,15 7,44 1,07 7,07
2,28 8,07 14,24 1,47 0,18
2,43 14,57 12,78 13,28 3,73
9,02 8,06 14,45 9,4 1,04
5,09 2,27 11,26 13,13 11,08
12,96 8,74 7,74 8,82 3,11
1,03 12,1 0,12 9,42 9,2
12,01 3,94 8,55 9,44 8,35
12,28 13,75 10,24 12,59 14,13
14,38 6,03 4,2 10,93 1,06
14,83 14,87 9,41 6,52 3,61
6,62 0,1 7,65 11,54 12,41
0,96 1,01 6,52 10,35 5,76
5,53 4,76 14,15 9,28 8,09
4,15 6,94 3,35 9,4 2,35
9,72 1,54 0,76 13,35 0,05
12,45 4,14 8,21 10,77 14,54
8,75 4,02 3,98 12,64 10,88
0,61 6,72 11,16 11,88 10,5
0,62 2,62 14,75 4,53 12,74
5,32 4,94 7,74 12,99 14,41
5,57 6,12 1,04 8,21 11,13
7,21 7,32 6,37 10,86 10,3
14,62 7,1 6,03 8,35 11,33
12,82 12,26 2,56 11,95 12,99
12,77 5,41 8,34 2,29 0,91
0,08 14,67 13,65 5,9 14,77
10,98 3,6 3,25 14,88 5,43
1,75 3,34 8,61 6,94 12,13
12,36 6,41 4,71 11,61 13,94
1,65 7,44 3,4 4,57 14,04
10,06 11,22 12,87 7,42 5,04
12,55 8,54 11,32 8,39 6,39
10,55 3,88 7,33 7,09 5,32
10,87 0,42 10,98 6,19 13,16
4,06 1,47 11,81 9,32 8,24
3,31 13,82 11,52 12,41 11,61
2,42 5,64 14,77 1,72 6,47
12,96 4,84 13,96 8,03 4,93
6,63 10,21 9,08 11,96 12,09
3,98 11,37 3,83 0,1 3,13
6,86 0,14 6,64 0,73 9,11
0,7 6,41 1,98 0,75 5,17
0,58 3,98 12,92 3,77 5,17
4,44 13,01 12,09 1,0 4,01
10,79 8,0 1,78 4,34 2,43
10,31 6,17 9,46 14,48 9,95
7,58 14,17 6,61 3,16 4,4
4,79 4,65 12,4 9,97 9,99
8,19 2,71 9,75 9,71 4,88
5,2 5,28 8,71 2,57 5,45
14,4 3,33 3,07 10,11 13,52
4,68 3,37 4,64 14,82 14,05
9,95 14,03 1,38 1,25 14,16
8,2 10,57 2,84 8,83 1,51
6,46 9,62 5,37 5,52 5,78
8,15 0,52 7,26 10,34 4,97
12,53 7,83 3,41 12,06 7,95
9,28 7,33 13,62 8,6 3,18
10,68 6,53 14,76 6,17 14,71
6,49 3,43 2,83 14,5 13,22
13,91 1,86 1,79 10,1 9,89
3,14 1,32 0,87 9,42 9,84
10,76 14,95 4,17 1,47 4,24
7,3 7,54 4,84 8,58 9,87
8,44 4,56 3,03 4,73 12,25
14,51 4,0 12,99 0,83 6,42
5,85 14,53 1,53 10,05 9,0
6,41 9,19 9,42 7,15 2,56
7,69 3,28 12,5 6,74 0,22
0,88 13,52 14,55 6,29 1,3
8,15 9,6 0,25 3,53 7,1
14,76 12,24 5,83 1,06 5,46
2,85 6,9 11,81 3,68 8,05
6,07 4,46 9,9 12,69 12,1
6,78 3,93 5,09 4,49 8,13
6,31 11,06 8,23 7,38 4,28
11,8 3,98 2,44 6,65 9,59
3,11 6,53 7,14 11,31 10,27
0,73 4,57 12,6 3,93 12,75
0,06 5,94 14,87 0,02 5,54
11,07 11,04 9,91 5,1 11,19
0,05 11,06 14,8 9,88 13,88
11,3 13,66 5,61 1,54 1,42
13,88 0,24 14,83 12,01 8,63
4,19 8,15 1,41 3,66 10,3
6,0 10,35 4,56 0,24 7,28
5,53 12,81 12,62 8,18 11,97
11,79 3,73 3,29 5,44 5,46
2,02 9,63 8,7 13,93 10,26
7,52 8,26 5,9 0,84 0,78
12,59 13,63 8,96 5,41 12,67
9,37 3,34 4,78 10,98 9,71
1,77 14,66 4,7 0,23 1,83
14,62 12,97 11,62 11,1 14,15
8,97 12,46 7,48 4,17 11,11
0,82 1,57 9,11 13,54 14,03
2,9 2,62 1,84 4,87 9,1
2,88 3,84 6,41 4,5 11,54
4,17 11,74 0,89 11,53 11,6
5,53 2,21 5,45 1,34 13,54
11,35 2,19 0,25 14,0 3,29
10,92 3,74 1,11 7,44 5,12
1,42 10,58 1,37 0,18 7,22
0,91 6,05 14,25 12,69 8,47
11,5 9,57 9,44 12,62 12,6
3,72 3,48 7,33 5,89 11,81
4,7 13,88 2,24 5,73 6,28