127
7
6,59 1,98 1,48 12,73 1,12 3,72 2,34
4,05 4,38 4,32 2,24 0,93 14,76 0,44
1,25 1,3 10,07 9,54 5,91 8,51 7,79
11,07 10,45 11,7 4,29 8,15 8,92 11,0
13,71 12,36 10,93 0,77 9,21 11,52 2,0
5,86 8,1 14,02 12,66 2,86 6,39 3,59
10,37 8,81 0,96 7,1 10,12 9,34 12,28
9,84 14,05 13,17 3,12 4,11 7,65 4,14
2,49 1,36 8,46 2,15 2,77 5,85 9,02
5,46 1,14 0,97 7,63 7,27 3,34 2,74
2,33 9,16 4,0 7,53 9,1 1,27 5,86
1,12 8,49 3,0 0,18 6,07 10,89 2,5
11,72 7,63 11,66 10,75 10,96 1,52 6,12
4,26 8,61 8,03 9,23 11,89 12,93 9,67
2,08 4,82 14,53 3,43 10,9 14,8 14,65
10,69 10,12 11,84 9,94 14,17 7,39 6,08
6,55 3,19 7,12 10,46 1,71 9,92 9,62
4,05 7,88 11,93 0,28 9,23 13,84 11,03
13,96 7,36 9,71 4,58 5,3 12,1 8,25
3,25 11,87 6,02 7,67 9,97 5,81 6,02
7,64 13,83 3,47 10,62 10,18 9,78 3,65
14,86 1,0 10,67 9,3 2,7 1,86 3,63
4,84 10,87 12,36 2,08 6,51 5,17 13,33
4,4 13,67 1,65 5,36 12,35 0,67 10,65
0,36 10,54 9,07 13,45 9,87 13,95 14,48
10,99 9,95 14,08 1,33 0,72 5,09 8,73
7,5 14,56 12,31 11,69 5,03 0,63 5,06
14,1 7,38 10,51 6,6 9,36 4,37 3,54
8,01 11,75 3,71 7,44 14,33 13,29 3,0
10,31 13,87 4,19 10,54 11,87 2,06 4,55
5,73 7,22 4,64 11,17 0,51 6,28 1,85
8,74 4,71 5,47 0,7 6,37 1,09 0,76
4,43 7,73 9,41 7,92 3,97 9,56 14,07
2,03 5,46 11,17 7,39 10,37 5,13 9,04
11,0 3,46 6,2 5,94 14,67 6,8 14,27
7,7 4,73 8,52 2,35 14,83 0,38 0,45
1,3 3,45 3,89 12,21 3,93 3,97 11,19
1,33 9,9 14,23 3,9 8,19 1,1 1,82
8,53 3,36 13,99 4,06 10,17 14,92 14,4
13,45 11,18 9,1 7,48 6,79 0,68 0,83
13,61 10,25 4,99 11,16 2,29 8,51 1,35
4,43 3,07 1,83 8,64 9,95 3,92 5,39
11,66 10,08 9,01 5,2 9,13 6,6 2,57
12,57 8,47 4,23 9,39 0,04 13,56 12,82
9,24 1,8 9,94 8,43 2,75 0,89 4,06
2,26 6,36 10,4 13,98 1,13 14,37 10,49
10,82 14,46 0,26 4,53 12,47 1,75 12,81
5,14 2,44 0,51 9,45 12,41 0,91 6,24
4,04 14,7 8,78 6,69 11,32 12,51 4,63
1,89 5,56 9,28 7,75 11,02 5,0 8,59
13,9 4,99 0,11 5,25 7,74 5,63 10,3
0,77 13,46 7,45 2,56 2,23 4,37 11,0
14,33 8,74 1,43 3,98 10,62 8,07 9,3
0,65 11,13 7,83 0,21 14,1 14,98 11,33
3,36 4,45 4,39 9,88 8,09 6,17 14,83
9,27 13,2 14,45 6,15 8,78 12,64 10,48
3,64 10,0 11,16 2,6 14,53 6,46 3,74
4,8 1,19 3,07 2,4 13,62 12,93 9,41
1,24 1,3 6,38 0,96 11,35 14,86 0,09
5,73 5,82 13,48 6,67 14,05 11,65 11,66
5,14 8,68 11,74 0,81 0,25 6,72 4,74
1,98 6,28 8,54 0,06 4,98 5,13 8,73
9,37 5,02 9,57 11,36 5,34 0,65 8,11
2,19 14,34 12,54 1,52 13,96 14,33 8,84
9,84 5,06 3,03 1,93 14,66 9,84 4,51
7,05 14,88 11,09 10,59 10,24 7,22 7,28
0,12 7,83 4,17 1,24 0,77 11,86 2,01
0,67 4,97 10,81 4,08 12,2 14,97 6,87
1,66 14,75 4,69 1,16 12,04 6,22 4,27
5,74 11,83 6,86 4,38 2,52 11,01 1,95
14,24 13,58 8,61 14,64 8,52 1,59 8,06
1,03 5,44 2,73 0,6 8,75 13,14 8,86
14,65 14,98 3,08 8,04 12,83 8,93 9,59
13,81 6,44 12,11 9,99 7,2 13,13 3,41
1,01 1,44 12,97 1,6 6,4 9,08 12,51
12,31 9,29 13,03 10,41 8,16 0,64 2,6
6,31 10,66 11,36 5,93 7,02 11,91 5,89
12,5 11,93 9,48 9,6 8,14 1,2 7,95
14,3 5,02 10,79 14,57 7,5 7,28 10,59
4,53 3,35 12,14 2,8 8,19 8,42 5,11
2,98 0,88 3,07 11,27 1,03 0,74 5,45
0,65 9,43 12,3 10,21 6,77 11,14 10,56
11,91 8,0 3,37 2,31 11,03 2,06 10,79
9,82 5,04 12,53 14,61 4,17 6,23 10,43
1,69 2,64 0,27 7,82 8,96 3,18 0,29
12,9 5,92 0,97 6,41 7,82 3,17 14,32
1,86 7,41 0,63 1,24 1,98 13,66 0,11
7,56 13,65 4,69 7,91 5,68 3,98 2,55
4,86 11,69 0,34 1,31 1,01 10,03 6,01
14,94 5,92 13,62 5,15 12,0 2,94 11,62
10,18 15,0 5,83 10,25 3,25 9,86 12,14
7,26 10,83 9,08 3,54 12,53 3,06 10,08
4,61 1,2 3,4 1,73 9,72 5,09 10,95
7,69 12,22 10,12 10,04 9,39 3,3 8,02
10,58 13,69 0,33 8,25 12,86 3,38 14,98
11,38 8,79 2,19 1,06 7,02 11,24 1,43
13,13 0,04 8,33 4,27 6,85 0,4 1,09
9,78 11,97 1,56 4,49 1,01 7,86 2,74
13,59 8,66 9,88 7,87 1,43 13,83 10,33
1,96 5,23 6,08 1,65 2,35 12,89 9,54
7,8 12,03 4,5 1,23 3,02 6,07 12,23
9,42 9,34 7,03 1,23 3,35 0,28 12,94
8,11 13,85 13,27 4,52 0,67 0,13 3,92
10,45 10,57 9,48 9,66 8,78 6,6 11,29
2,77 7,33 1,27 2,54 13,9 6,54 10,01
9,66 8,51 11,14 7,97 12,7 13,99 5,59
9,78 9,66 7,56 11,46 12,21 6,84 9,0
3,51 3,68 14,78 1,05 5,86 3,97 5,98
13,19 0,78 12,68 10,72 3,19 9,23 10,08
2,32 5,3 13,25 10,2 3,02 12,63 10,54
15,0 8,62 6,66 8,5 12,0 13,46 11,5
10,54 0,77 14,03 12,13 10,44 0,23 7,06
4,92 0,74 9,11 7,03 13,71 0,26 2,57
12,73 4,64 9,68 8,9 1,18 13,64 7,8
11,22 11,32 9,33 10,9 13,78 14,14 13,83
8,39 13,0 4,97 2,9 8,67 3,47 4,56
7,62 7,84 4,87 1,4 7,0 11,12 11,26
3,81 12,5 12,91 5,2 11,35 12,73 12,86
0,96 11,87 4,64 2,59 8,15 8,53 2,77
6,21 4,63 12,93 13,47 7,6 1,28 6,32
8,35 11,88 2,23 5,64 3,52 11,41 8,88
2,68 12,24 8,58 2,44 10,36 12,55 11,22
10,6 14,96 10,57 9,35 8,96 10,55 6,41
9,35 10,96 12,12 7,86 5,39 11,36 6,96
9,76 0,61 14,63 9,1 13,15 3,27 7,27
7,62 4,38 13,09 2,54 6,31 4,45 3,41
9,03 1,65 1,2 8,23 8,06 12,12 13,39