29
4
4,95 8,59 8,86 6,45
0,36 11,1 5,09 10,21
11,86 6,92 2,32 13,52
14,39 4,65 5,54 0,67
8,56 13,93 3,99 3,24
4,43 6,29 9,85 0,21
12,57 0,33 0,59 13,83
9,18 9,98 0,81 6,88
13,94 3,86 0,46 6,0
3,9 7,01 1,46 1,12
6,41 4,89 6,12 2,98
7,73 14,33 14,59 8,49
1,82 10,71 10,42 7,02
0,79 2,28 12,2 5,53
1,48 6,67 10,2 9,25
9,3 6,11 2,08 1,36
11,0 10,25 5,54 1,53
0,19 13,51 0,01 2,52
10,46 14,8 10,88 6,05
6,31 5,26 4,49 3,14
4,27 6,9 10,91 4,35
10,94 6,73 14,28 5,81
6,57 3,72 9,72 8,82
5,07 3,51 4,77 14,2
4,03 11,83 5,85 2,15
13,74 4,89 7,75 14,7
11,74 3,84 6,01 10,46
0,09 12,17 10,77 9,75
10,69 10,56 11,22 14,52