54
4
5,96 2,94 6,07 9,48
7,48 12,73 14,39 13,28
14,02 14,22 8,64 1,36
10,41 13,38 3,12 3,34
4,64 10,84 2,83 5,58
1,16 7,62 5,23 0,56
5,61 12,08 5,77 8,04
7,5 14,49 11,9 13,84
4,18 1,17 11,84 1,95
14,03 2,24 11,63 9,32
9,55 0,09 9,63 5,31
14,73 1,31 9,13 10,77
2,57 13,06 14,84 14,53
11,36 5,55 9,54 11,31
10,05 2,01 9,56 8,31
11,66 14,27 6,78 11,44
7,46 12,97 13,39 10,26
11,65 12,65 14,01 3,1
4,85 8,83 12,28 3,38
3,37 10,16 11,32 9,64
0,7 8,43 13,69 13,46
5,13 0,35 11,97 11,0
1,54 12,1 0,9 2,5
4,28 8,4 1,31 10,45
4,37 6,16 3,99 0,5
7,47 7,76 8,76 10,76
1,76 10,89 2,68 14,05
7,3 8,18 13,7 14,75
11,6 10,69 3,1 10,99
1,49 9,71 4,08 2,73
0,8 9,6 14,91 2,58
10,93 7,68 7,4 5,51
12,24 11,78 8,15 5,08
2,86 0,43 5,93 14,84
11,32 2,41 8,19 13,69
0,06 1,78 6,1 10,99
12,36 5,95 9,64 6,72
6,0 2,38 1,42 12,77
0,19 0,89 4,34 9,56
4,48 6,26 11,69 12,03
11,41 1,14 9,85 4,29
10,61 10,76 6,05 10,33
3,86 0,86 10,38 4,13
8,52 1,45 14,08 12,25
0,11 0,3 0,21 6,56
3,5 1,42 5,05 2,56
8,36 8,44 11,66 11,49
6,58 2,85 1,57 8,28
9,99 12,09 11,49 4,16
9,32 2,81 14,24 12,16
12,11 11,93 4,47 4,69
2,73 6,25 13,24 10,05
11,76 10,55 10,78 0,68
4,18 9,56 8,12 4,3