51
5
2,95 7,14 2,55 8,93 3,59
7,96 9,48 13,51 8,34 7,81
3,41 8,25 4,27 0,1 9,76
12,65 14,16 5,78 12,46 5,35
1,86 9,21 8,22 6,97 4,26
11,59 10,03 7,9 8,44 4,6
0,83 2,87 13,0 14,47 6,82
3,61 5,9 10,25 11,9 8,5
3,57 9,98 2,88 6,96 3,02
1,88 13,78 3,38 2,26 4,73
5,21 10,56 3,0 10,88 9,54
8,51 10,2 10,24 13,09 8,1
2,95 10,47 4,78 2,71 11,35
10,99 8,22 0,47 9,04 1,35
11,14 10,0 10,21 4,94 0,03
9,08 4,98 9,88 11,35 8,51
4,59 7,77 9,72 8,5 5,17
7,38 4,18 12,68 3,49 5,88
10,86 12,3 4,21 11,12 3,85
11,53 2,76 2,82 14,65 14,39
13,13 11,95 8,61 8,35 10,24
8,47 7,01 13,51 10,94 8,29
2,38 8,65 7,76 0,43 14,46
11,0 10,49 11,49 13,86 14,63
5,81 8,98 14,55 13,12 2,18
6,91 1,49 14,43 1,72 0,1
8,91 0,19 0,34 7,04 10,95
5,77 3,8 5,87 13,22 2,39
12,98 0,15 12,15 10,37 13,21
13,26 11,96 8,71 14,66 1,88
0,83 2,79 4,38 7,6 3,24
6,2 10,21 7,59 13,53 2,01
8,23 4,61 10,84 4,89 14,75
9,1 13,01 3,21 10,37 7,52
5,93 9,67 1,78 1,1 4,15
12,01 2,31 14,42 0,19 1,52
5,22 1,43 3,62 0,55 13,03
14,27 2,5 4,61 6,46 0,93
6,12 11,3 13,46 10,74 10,84
8,69 0,43 3,97 5,9 4,56
4,89 12,77 10,17 2,03 0,12
8,5 13,17 7,71 8,41 2,2
6,18 7,04 8,34 12,23 8,75
3,25 10,56 9,05 10,74 10,8
5,48 6,41 7,94 11,17 6,14
7,86 0,27 8,08 10,99 1,03
9,1 14,66 0,78 13,91 14,72
3,58 8,48 13,23 10,85 12,57
11,08 1,7 10,85 1,41 5,94
7,55 8,68 8,31 1,02 14,56
5,32 14,81 13,89 12,68 5,74