29
4
14,52 8,47 8,79 12,67
3,05 8,14 9,79 5,35
5,54 10,08 3,05 13,18
4,65 14,21 8,57 9,56
10,24 10,01 14,86 13,78
4,83 14,42 1,95 8,56
4,3 5,47 3,68 6,94
12,22 9,77 4,94 6,88
4,04 12,76 1,07 14,8
6,6 12,99 8,61 14,94
11,08 7,03 13,54 6,41
8,42 14,52 1,02 13,85
1,99 10,02 7,95 8,09
3,52 12,47 9,92 12,7
13,91 5,78 10,1 9,78
8,49 4,1 4,7 11,29
11,52 7,46 3,85 12,59
8,5 3,52 1,58 14,54
0,96 13,57 1,63 4,66
9,66 3,24 8,32 2,03
7,22 3,54 7,94 14,25
1,1 9,75 10,26 14,62
10,29 11,76 5,46 12,96
10,42 2,69 9,72 1,9
2,13 5,23 2,03 4,35
3,38 13,71 12,26 5,67
7,93 12,2 3,95 0,08
1,21 0,37 10,99 0,9
7,59 10,31 5,86 11,17