135
6
9,96 12,51 10,73 13,84 9,86 2,63
12,21 1,46 7,58 1,63 2,27 5,56
11,71 12,3 1,7 10,13 0,84 3,29
13,37 9,81 14,66 2,52 10,93 8,74
8,95 10,8 7,28 9,46 10,86 13,76
0,25 8,31 11,13 13,2 14,77 14,37
1,78 8,78 14,55 12,64 2,81 6,02
5,79 14,7 3,35 0,49 7,58 12,63
8,88 2,15 6,9 8,83 9,94 5,17
6,46 0,55 8,0 6,47 1,28 3,32
2,36 12,73 6,42 13,07 3,43 0,44
9,65 4,31 9,98 1,82 4,2 13,4
7,05 4,72 2,88 6,15 4,13 10,55
3,81 1,3 10,22 13,64 14,14 6,66
10,97 9,61 14,57 12,02 5,1 7,78
8,18 3,94 7,14 11,35 9,58 2,64
2,02 5,88 10,4 10,16 4,46 3,69
5,72 10,2 2,35 9,99 9,48 9,96
7,37 9,22 6,71 5,34 4,46 2,03
9,08 3,15 1,19 13,14 6,57 9,49
4,8 1,87 12,78 9,47 5,72 11,61
14,69 4,73 1,87 4,71 10,42 14,13
1,33 0,13 0,75 8,09 6,82 7,57
0,46 14,69 0,81 5,12 3,46 7,69
12,16 11,37 0,87 5,63 7,68 14,98
6,44 13,59 7,72 6,57 10,78 10,45
6,95 5,14 1,61 7,68 3,09 4,99
13,43 12,98 3,83 8,22 10,23 6,78
1,71 10,94 12,82 12,08 1,31 11,66
4,44 5,2 8,76 6,62 12,49 7,85
12,86 12,28 5,33 2,7 10,6 2,95
1,89 9,33 14,84 10,93 2,24 1,82
9,09 7,9 6,55 9,17 9,39 5,86
0,59 11,42 14,16 10,27 6,75 2,43
8,51 1,91 2,21 8,06 5,6 9,79
1,63 7,82 13,02 9,53 9,98 10,72
1,36 6,92 9,0 6,38 3,59 12,25
10,13 13,94 5,45 12,97 8,36 1,86
8,33 4,98 9,11 10,11 13,97 0,74
6,97 8,9 13,94 5,12 1,04 0,78
2,51 8,13 9,39 6,03 14,47 3,71
7,11 7,64 14,12 2,84 1,29 14,24
0,93 7,2 4,01 9,03 4,33 3,67
13,94 12,25 14,76 5,08 2,16 2,73
9,76 6,24 2,47 10,86 9,84 3,31
9,68 7,45 6,41 6,6 6,39 9,29
1,45 1,26 1,52 10,28 4,09 4,11
8,88 7,76 1,79 8,48 13,93 5,24
1,33 3,01 7,33 7,14 7,78 4,63
0,26 1,62 3,3 13,71 10,65 2,96
11,84 0,36 0,48 13,06 7,94 13,82
0,74 14,89 1,3 1,11 9,84 11,24
4,3 1,73 6,24 14,01 12,01 1,96
10,45 11,55 3,12 8,35 8,47 7,29
14,9 3,75 10,28 8,53 5,48 12,04
6,35 4,7 6,68 14,91 11,78 0,31
4,57 2,9 2,88 8,82 7,63 0,69
7,81 6,03 4,38 2,19 2,19 3,23
4,36 9,11 12,9 8,36 13,44 9,51
2,21 4,3 4,71 1,42 14,01 3,08
13,23 9,44 12,16 10,6 1,28 12,18
8,15 10,93 3,77 2,19 10,86 4,03
11,57 8,13 10,04 13,6 13,46 9,67
13,87 14,35 9,17 11,83 0,38 11,22
9,74 3,33 14,46 10,69 13,39 1,96
5,55 2,58 12,0 7,53 7,12 1,08
3,9 5,43 1,3 12,14 9,19 10,69
8,83 5,34 12,95 3,07 10,36 5,84
7,98 6,0 13,09 7,49 2,88 8,42
14,91 14,26 12,96 7,84 12,7 3,28
10,5 6,75 2,64 8,97 13,03 7,34
9,25 8,69 9,55 12,85 8,35 13,91
14,93 6,06 5,41 4,55 7,12 7,6
11,49 9,02 12,85 13,94 9,03 0,12
2,19 13,44 14,45 5,12 8,01 10,47
0,76 11,12 10,81 6,56 1,29 2,42
0,86 9,42 14,42 5,84 4,17 3,16
1,54 2,99 13,5 9,37 11,17 6,35
5,39 0,36 1,32 13,71 13,35 6,73
8,22 2,81 6,42 12,16 5,22 7,79
12,21 12,99 5,82 5,93 3,91 6,78
6,8 12,66 7,77 11,5 0,05 6,13
6,94 7,6 13,05 5,0 14,14 8,45
8,64 6,01 0,18 9,25 9,81 13,19
1,18 0,44 4,21 8,72 4,94 3,57
12,49 9,27 9,24 9,78 6,19 1,01
9,1 12,38 4,81 11,56 3,73 9,15
9,46 1,72 6,4 9,96 14,87 7,91
8,41 2,38 5,69 11,28 0,24 1,58
10,43 3,74 4,22 10,29 12,27 5,64
8,72 10,81 13,54 4,69 7,64 1,0
4,52 3,87 9,47 6,81 13,77 14,66
4,73 3,32 7,52 7,92 2,31 5,84
10,7 14,51 3,76 7,72 1,93 11,69
14,76 4,92 14,06 9,06 14,3 3,49
14,7 13,68 9,07 9,79 12,94 13,36
12,79 13,55 10,76 3,56 4,13 6,01
12,86 3,19 6,93 0,49 0,44 4,58
9,67 11,89 12,13 6,92 3,77 4,65
4,37 8,96 2,75 10,03 6,6 0,93
12,44 1,32 14,18 3,93 12,28 1,55
1,15 1,12 9,92 5,86 11,18 5,66
0,12 3,63 2,54 3,25 6,23 6,21
2,28 6,93 14,96 4,03 5,32 13,82
5,4 5,11 3,64 6,26 6,87 7,74
12,35 9,23 12,54 8,11 0,73 4,24
8,21 9,53 6,56 9,98 0,76 14,09
10,39 7,63 10,59 8,57 0,42 2,63
6,79 2,87 9,35 11,14 0,29 5,56
8,76 0,99 12,61 6,21 9,69 7,12
7,31 5,45 6,27 4,6 10,97 0,31
5,41 6,64 13,7 7,23 4,51 0,04
5,83 8,37 8,2 3,0 3,49 10,65
7,28 6,3 12,55 1,38 12,89 10,99
12,91 13,87 10,12 2,13 11,14 9,31
11,65 9,35 12,99 1,04 4,51 6,04
1,3 14,53 5,67 6,88 1,28 11,8
1,73 12,19 6,04 14,28 8,44 5,68
10,44 2,29 11,7 14,44 4,28 8,17
3,07 3,29 7,54 4,52 3,02 11,45
14,58 8,18 9,47 7,29 0,71 0,71
4,99 10,31 1,44 11,18 3,59 0,99
11,85 12,04 7,96 6,52 6,99 14,31
14,69 4,13 5,05 10,61 13,94 2,56
8,11 10,93 0,79 13,19 3,03 13,3
8,57 8,89 12,62 11,75 9,24 10,14
8,55 14,66 3,63 2,65 9,95 5,71
12,98 14,83 4,85 8,19 6,55 0,45
4,91 5,71 13,25 14,19 13,9 11,75
12,92 6,53 6,69 0,51 11,04 12,18
11,16 2,85 13,32 6,81 13,12 4,75
7,95 2,58 7,25 5,86 13,48 2,8
5,6 3,95 3,7 9,97 5,01 2,83
1,73 4,61 10,07 2,47 1,65 8,44
9,92 10,17 8,95 9,7 7,0 5,77