72
3
10,38 0,1 8,14
6,7 7,45 14,65
8,37 12,19 1,41
11,06 8,88 12,14
11,46 11,83 14,58
2,54 3,29 1,16
14,57 10,27 10,12
6,08 12,09 4,92
8,89 5,06 10,88
10,31 11,66 11,28
6,96 0,53 7,12
1,94 11,67 7,28
14,15 2,99 10,62
4,62 10,55 11,89
11,03 7,65 13,54
3,56 8,95 5,51
11,44 10,34 14,08
1,36 12,8 2,05
13,1 5,55 13,08
9,05 1,35 13,82
5,24 8,93 11,92
3,72 11,11 15,0
14,67 14,31 5,96
5,01 12,94 14,24
12,55 14,47 3,01
14,23 3,03 2,28
7,05 14,06 1,66
2,23 1,98 13,57
6,61 12,55 14,72
10,92 6,52 9,95
11,44 12,66 5,17
14,75 11,01 4,16
5,59 4,17 13,36
8,49 1,04 5,39
10,85 8,15 13,39
1,17 9,76 10,58
13,31 11,1 14,91
10,58 0,2 12,43
6,49 9,46 14,87
1,46 0,42 10,32
5,54 0,84 6,18
2,67 11,93 3,33
10,63 12,51 1,11
10,07 5,6 9,45
2,71 3,78 6,76
12,91 4,85 1,13
5,27 9,29 10,04
5,46 7,98 2,86
13,35 13,9 8,5
0,59 0,9 9,02
11,91 10,04 9,99
3,56 3,34 1,21
9,36 13,09 14,55
3,57 4,68 9,74
4,67 6,49 5,86
0,73 6,86 0,88
7,78 4,6 3,18
5,71 5,0 0,22
9,57 6,03 0,37
5,55 7,27 12,61
3,95 14,92 3,17
8,86 9,58 6,19
0,73 4,59 8,57
5,99 12,32 0,55
4,18 11,87 6,45
11,3 13,03 1,38
3,19 10,03 8,83
5,3 7,91 3,76
4,89 5,99 9,66
13,95 5,06 11,29
4,04 4,21 10,88
2,22 8,18 2,03