132
5
7,92 13,72 12,59 8,73 3,4
12,74 7,8 11,16 6,47 7,71
10,63 12,82 11,42 4,53 14,0
14,0 11,26 0,06 4,36 2,81
9,57 5,57 3,8 14,52 8,44
11,46 10,74 10,6 2,59 8,8
2,36 4,15 3,58 0,87 5,0
1,32 2,72 10,48 13,05 9,9
2,3 2,24 1,5 9,68 0,68
5,43 1,28 3,48 1,87 10,88
4,16 5,46 5,14 12,3 14,6
1,88 5,1 9,58 11,1 12,1
7,1 5,5 12,29 12,28 12,07
12,15 7,46 8,08 3,46 8,37
11,25 2,69 8,25 2,92 8,87
7,34 3,35 9,78 8,15 7,67
5,64 7,59 3,53 6,33 0,05
12,34 12,8 7,27 5,87 4,1
1,41 6,52 2,58 5,06 10,42
3,61 13,07 11,59 2,8 4,11
14,44 1,69 2,17 12,09 1,46
10,58 12,63 1,93 9,48 4,76
13,16 3,11 11,55 10,99 9,86
0,46 2,17 8,88 9,44 6,43
13,39 11,0 3,92 14,37 1,08
10,9 11,35 12,05 10,27 2,27
6,87 5,16 9,09 13,19 13,21
4,12 8,45 8,62 0,27 3,68
5,37 3,27 4,91 2,14 0,64
2,06 13,45 5,41 8,53 1,31
13,19 12,87 12,76 3,99 6,25
14,12 9,52 2,61 11,89 8,45
1,62 13,17 1,66 6,93 5,54
11,67 8,61 8,82 7,34 6,28
14,17 10,69 8,51 13,02 14,27
10,99 8,75 3,51 6,51 6,52
0,75 4,8 0,91 2,08 2,69
8,92 5,35 7,97 9,62 6,89
14,83 8,03 7,3 12,04 8,91
4,73 10,49 14,53 5,99 14,51
11,09 2,2 1,51 5,71 7,33
0,01 9,17 5,93 14,12 6,96
6,16 14,47 9,12 11,23 7,75
10,43 14,77 2,98 11,96 12,18
3,08 0,33 10,65 10,19 14,07
2,57 8,96 11,2 4,55 6,23
1,63 10,65 5,64 0,32 4,64
3,13 0,73 5,82 5,18 13,31
3,27 6,36 14,95 9,92 4,45
1,13 11,52 3,85 4,04 1,83
0,04 9,11 3,43 6,76 1,72
9,88 12,06 5,93 1,96 7,94
8,47 6,41 9,92 6,61 1,38
14,84 1,6 12,44 10,1 6,08
4,5 2,34 8,64 6,15 9,34
12,3 13,65 8,79 6,24 7,02
7,92 10,77 1,01 0,26 8,71
11,43 13,42 12,15 14,19 3,28
10,15 2,83 4,72 1,0 6,39
2,57 5,87 0,95 7,77 5,85
10,85 2,86 1,65 14,26 12,57
7,53 10,43 5,88 10,01 7,93
4,77 9,41 7,78 11,58 3,9
4,67 4,1 12,0 9,59 12,71
2,95 7,52 13,36 13,87 13,72
12,86 6,68 7,29 5,15 14,48
4,81 8,69 5,64 6,33 14,02
9,84 2,92 7,59 7,06 4,18
3,64 14,37 3,48 6,31 8,54
7,59 3,85 14,99 8,06 9,28
9,07 8,67 7,83 5,64 10,94
3,83 11,34 0,95 3,54 11,15
0,87 5,68 7,11 4,83 9,85
4,04 8,66 4,39 11,29 1,74
9,02 12,14 14,81 12,97 7,51
10,7 9,05 10,34 4,56 0,54
3,25 3,78 7,26 12,79 7,84
0,96 9,94 3,97 3,94 7,71
2,25 0,08 13,37 5,42 0,64
11,59 5,04 5,87 1,25 7,35
4,21 1,03 8,41 5,1 11,84
6,57 0,89 2,8 10,36 3,13
3,06 11,52 3,47 7,76 13,73
2,87 13,56 0,06 11,4 13,45
12,35 7,49 11,93 5,48 13,66
11,72 12,22 13,21 13,87 1,79
1,75 2,52 4,9 2,68 6,77
14,39 3,96 6,07 12,01 9,25
10,15 9,97 13,46 0,41 4,0
11,71 1,18 2,6 10,26 12,6
8,57 8,45 3,45 2,84 7,15
0,79 13,7 10,55 5,27 12,68
11,67 12,41 7,28 14,72 13,63
3,0 12,75 3,45 12,06 10,56
4,29 5,99 12,23 4,98 3,87
11,52 12,52 9,04 12,86 9,61
2,73 2,69 0,06 12,79 3,44
3,87 8,12 0,42 4,17 7,66
6,98 3,13 11,48 11,83 3,39
10,98 11,71 12,55 7,84 0,92
5,85 10,44 7,16 12,41 11,31
1,22 11,88 11,57 9,07 10,17
2,82 12,05 4,49 11,84 6,24
12,72 7,66 12,8 4,19 0,44
2,15 10,57 5,36 7,91 14,64
14,61 5,72 0,37 9,64 12,09
13,51 7,76 12,88 2,94 12,66
3,15 4,75 5,89 12,35 10,1
5,33 11,34 8,04 0,52 10,03
0,09 7,54 1,96 4,1 4,27
12,62 5,3 14,29 8,54 3,92
8,08 9,96 5,74 5,78 4,58
8,63 5,4 1,68 10,98 3,91
10,27 2,88 1,23 14,35 12,41
7,67 6,09 0,16 8,81 7,11
8,71 9,24 8,62 1,86 4,21
9,18 10,94 2,14 12,7 5,82
4,78 8,36 2,82 8,57 11,22
10,39 0,15 6,4 3,85 2,17
3,72 6,62 9,7 8,29 7,19
11,91 10,28 4,48 0,04 6,28
6,19 9,29 13,89 7,79 13,16
12,54 1,09 10,89 2,03 0,89
0,2 2,33 9,69 6,13 9,61
12,2 11,37 0,72 10,66 13,12
11,2 7,26 11,45 10,46 7,88
13,2 10,96 5,6 14,49 14,12
10,61 10,73 2,37 10,8 7,47
11,15 0,94 4,88 13,21 9,39
4,15 10,53 9,99 7,53 0,74
3,85 11,21 1,4 11,02 8,92
6,58 14,08 10,82 14,78 4,07