176
6
4,01 11,41 8,38 14,19 9,03 3,8
12,62 9,89 14,67 11,94 7,84 0,39
1,0 4,45 12,01 10,54 3,8 4,53
5,68 9,66 7,17 6,11 3,3 0,58
13,05 9,47 13,0 3,02 12,87 3,3
4,91 9,44 0,48 0,9 14,63 8,89
10,16 7,09 8,66 14,26 7,83 9,57
6,26 13,72 12,43 5,54 9,64 9,9
11,39 7,52 13,19 1,69 6,65 6,08
4,35 7,12 0,74 9,74 0,56 8,17
7,55 1,22 13,36 6,78 5,58 1,79
3,59 8,66 14,24 9,14 10,75 4,85
7,99 7,05 13,26 1,34 11,29 11,72
8,08 2,91 7,52 5,79 12,67 4,02
13,84 4,23 13,83 6,99 1,27 2,93
9,36 9,59 4,53 2,01 11,9 12,26
7,81 12,21 0,38 12,25 6,22 11,27
4,38 10,51 6,47 8,76 4,84 5,9
1,37 5,46 0,71 13,33 12,52 9,57
10,86 8,52 9,04 6,86 14,12 6,21
14,59 9,4 14,9 5,6 14,71 5,35
1,89 13,35 1,64 14,5 4,39 12,1
5,24 9,55 5,98 5,0 1,96 8,48
7,3 12,04 9,63 9,84 13,9 12,5
1,22 1,52 0,33 14,8 1,0 13,31
11,88 4,68 4,62 4,34 3,66 0,07
13,18 9,37 11,59 11,25 11,94 9,94
4,31 5,27 9,53 13,64 11,17 9,43
5,19 5,61 1,65 13,1 1,68 3,53
1,49 13,59 9,78 2,64 12,77 4,95
8,8 2,37 14,18 2,85 1,66 2,76
4,03 4,93 7,98 14,75 10,6 5,55
7,57 5,62 3,69 9,09 13,52 1,22
6,05 8,1 5,85 6,77 9,77 0,91
11,32 5,81 12,72 0,42 11,49 12,04
13,39 7,1 7,9 10,75 4,25 6,01
13,83 7,98 12,64 11,36 1,87 9,07
13,17 12,37 13,64 0,23 2,98 7,82
7,85 0,91 4,14 13,31 13,7 8,38
9,28 0,93 1,15 8,3 3,74 0,76
4,47 2,69 10,65 2,75 10,35 8,92
11,26 9,97 8,87 11,23 12,05 13,16
1,99 5,41 14,46 14,0 0,9 14,76
3,41 1,59 13,6 2,16 3,32 10,06
4,95 14,63 5,28 7,12 14,91 2,77
10,16 0,67 10,62 8,03 4,27 8,98
13,99 12,89 1,1 12,08 7,56 11,39
10,65 14,85 10,21 13,33 7,2 14,06
13,18 11,25 13,35 12,01 14,8 7,03
8,53 8,04 10,34 13,52 9,6 12,97
2,14 10,5 5,13 3,85 8,51 14,25
12,16 13,32 5,37 5,42 3,85 14,07
4,14 1,49 5,87 13,26 0,23 3,68
7,59 11,22 4,94 6,15 10,34 8,0
2,97 2,65 1,48 10,61 13,87 6,2
9,73 3,13 13,77 9,71 6,12 12,83
3,06 13,02 10,81 6,94 1,8 13,07
14,66 7,89 1,02 2,11 1,41 5,03
7,16 2,6 6,74 10,1 9,7 5,73
4,68 2,6 8,3 3,02 9,03 10,51
4,49 5,11 0,67 1,56 11,32 0,92
4,46 12,7 12,35 3,72 9,26 4,5
11,54 3,41 11,58 12,74 11,23 1,14
0,88 8,09 6,48 13,5 5,5 14,19
0,3 2,62 7,49 4,2 10,7 11,73
14,94 7,86 2,04 6,69 5,04 11,79
9,73 0,09 3,35 1,76 7,13 1,7
0,42 13,57 11,2 11,75 3,86 0,94
6,22 10,75 2,07 1,96 8,01 10,21
11,07 13,37 7,57 11,99 8,37 10,58
14,61 4,07 12,57 9,85 7,39 0,45
0,6 9,53 14,1 9,33 1,58 7,57
10,86 1,71 11,83 11,15 5,65 11,52
9,28 1,15 0,12 6,11 7,06 6,62
7,12 2,16 3,82 6,84 9,21 14,51
10,38 0,37 5,0 8,47 0,5 13,26
4,05 4,03 0,75 5,94 9,83 11,17
10,83 9,15 9,96 7,66 5,66 6,36
6,4 7,6 1,09 8,88 12,5 11,64
12,9 4,52 11,13 11,08 9,89 4,47
13,63 1,88 7,8 10,5 9,13 7,49
6,12 1,38 5,96 1,48 0,14 13,82
3,65 7,21 7,71 10,42 7,48 6,38
14,75 11,06 9,6 4,92 3,3 7,88
14,2 0,82 8,58 12,41 1,49 15,0
12,93 8,54 10,39 5,07 3,21 5,05
2,09 5,69 11,66 0,22 0,71 14,67
1,31 4,99 1,5 8,66 0,43 11,81
4,09 14,16 5,6 12,75 6,1 11,89
13,94 14,51 12,04 5,64 11,41 7,76
13,25 2,64 0,8 10,95 5,52 9,36
3,9 12,11 14,02 13,42 12,27 8,4
7,41 3,96 14,0 5,5 10,23 4,51
0,03 8,91 11,33 14,33 8,16 13,44
8,8 9,7 10,91 0,82 14,59 1,37
3,02 9,63 11,45 2,78 0,77 8,04
6,8 11,6 5,93 0,0 4,0 11,3
2,76 0,9 7,99 12,41 7,34 6,92
7,18 13,21 10,29 9,79 9,96 1,12
3,72 12,83 0,51 14,34 13,89 13,54
2,54 3,66 5,37 3,4 9,9 1,3
14,45 3,87 8,19 6,38 10,36 10,89
10,99 7,33 5,82 1,79 14,68 14,66
1,07 3,31 13,78 12,86 6,53 13,04
2,71 2,94 13,86 12,16 2,02 9,6
10,05 10,89 13,91 1,31 1,45 12,56
14,06 8,19 14,11 13,2 0,71 5,25
5,1 3,05 12,78 6,5 13,25 2,22
10,36 4,91 10,74 11,67 9,94 11,19
13,38 5,94 4,05 10,16 11,42 10,43
1,1 10,15 14,9 11,95 0,23 9,31
10,29 5,54 11,57 1,08 4,43 12,55
11,39 14,87 2,45 14,16 10,97 1,94
4,65 11,32 6,28 2,05 6,98 3,84
8,67 10,84 14,39 13,92 1,45 11,35
6,72 14,33 10,66 5,59 11,94 1,33
6,26 6,06 0,4 9,69 3,45 12,57
3,77 0,98 5,52 4,67 5,49 4,87
13,88 6,64 14,74 10,51 4,15 3,62
13,5 3,09 1,29 1,58 14,86 11,47
4,66 10,52 11,21 6,7 7,59 11,71
0,23 13,55 3,15 14,39 5,53 0,2
4,06 3,3 1,79 2,79 13,44 10,83
10,3 2,37 2,37 7,48 1,27 8,03
5,16 12,33 2,39 12,13 7,35 11,02
9,52 10,15 7,56 7,54 3,52 6,55
2,9 1,66 4,8 0,39 3,17 0,42
5,09 11,92 1,29 8,43 13,85 13,38
13,36 9,99 0,66 7,96 9,49 13,66
11,31 6,27 14,5 3,64 8,15 1,39
12,07 14,71 0,02 3,47 8,18 14,96
13,77 5,3 0,94 6,15 2,51 5,56
10,22 14,62 0,36 2,22 7,28 13,61
1,59 4,01 14,6 1,17 6,64 0,78
12,16 8,13 8,9 1,58 10,79 11,69
10,02 2,89 11,86 6,06 7,41 4,91
5,27 6,97 9,74 10,99 11,61 13,95
8,67 2,66 4,2 11,63 2,76 14,16
9,09 4,31 11,45 2,03 8,84 2,43
7,43 0,11 12,64 3,17 14,39 12,79
10,41 14,55 6,65 1,39 8,98 8,13
1,07 3,13 8,75 13,99 11,69 11,48
9,91 1,52 3,08 14,84 8,13 0,54
14,64 11,06 12,74 9,57 13,69 8,1
1,18 4,59 2,96 13,86 1,13 11,01
10,68 7,57 10,73 8,48 2,97 4,59
7,14 5,37 3,85 7,71 9,61 14,8
12,41 3,32 2,36 10,28 1,4 0,74
7,66 11,01 6,27 8,34 13,44 13,65
14,29 9,3 7,42 4,96 0,88 9,21
11,43 14,82 14,66 13,64 0,39 12,07
6,07 1,91 4,73 3,54 11,37 0,59
0,69 14,7 5,44 9,74 9,2 9,58
8,37 9,69 5,07 5,61 11,91 14,89
13,1 3,16 5,4 6,07 14,78 1,1
7,35 9,7 8,77 8,56 3,14 6,19
11,61 7,19 4,21 4,34 4,73 1,19
14,24 2,87 14,42 4,4 7,18 1,66
0,13 12,9 8,46 11,57 13,86 3,41
1,06 10,92 3,15 10,39 8,86 1,04
0,54 1,08 5,05 3,38 9,62 7,16
10,48 12,29 9,22 1,36 7,65 1,72
3,41 7,07 5,06 6,36 1,59 9,64
5,05 9,41 14,55 6,87 10,64 11,91
12,35 3,38 0,92 1,26 0,03 2,73
10,09 12,36 10,15 8,58 2,77 6,1
9,38 11,77 12,68 6,94 10,4 12,71
6,19 5,14 10,45 14,91 7,39 8,15
9,86 13,45 7,94 10,28 10,74 3,54
0,99 4,82 6,94 14,74 11,26 6,35
3,26 2,1 10,57 1,29 8,07 13,49
2,78 1,64 4,16 8,82 12,41 0,53
5,53 9,34 0,34 0,96 2,34 4,96
11,82 6,41 10,89 0,65 5,45 13,96
11,61 14,55 11,03 0,26 6,17 4,03
4,86 8,5 11,2 7,18 5,72 2,25