30
7
1,96 7,03 0,92 10,25 12,93 14,14 3,99
4,62 1,21 5,41 1,83 13,91 7,72 0,8
12,97 3,8 7,54 10,75 7,95 7,23 5,99
9,61 7,67 0,62 12,03 1,21 14,5 0,72
13,83 14,94 14,95 5,17 2,83 1,87 0,58
11,06 13,07 12,61 5,81 14,51 2,19 9,77
3,24 4,5 11,22 7,01 5,36 11,9 9,38
13,85 9,43 13,74 9,22 11,81 5,72 14,38
13,49 3,39 4,66 8,52 10,2 4,39 5,7
5,96 7,89 5,08 10,74 2,15 12,21 6,48
8,84 6,82 5,05 14,8 6,24 8,11 3,32
9,59 3,03 14,76 3,8 3,34 4,09 0,55
11,25 10,67 10,05 0,7 1,1 14,26 3,64
11,58 13,57 9,96 10,17 4,59 5,22 14,22
12,78 8,04 11,85 13,87 6,8 12,93 9,15
3,25 5,52 13,47 7,93 1,33 9,21 3,04
5,45 10,87 2,62 7,92 13,22 7,19 13,66
14,08 14,88 1,75 14,16 14,96 10,19 5,13
4,18 2,97 14,87 8,07 14,1 12,08 0,88
12,4 8,44 11,72 1,49 13,55 12,09 0,9
2,56 3,93 2,43 8,07 2,84 9,34 13,03
6,64 3,99 6,5 0,02 12,47 7,26 6,23
6,01 14,52 2,85 1,68 10,03 7,81 12,51
13,37 10,91 2,47 6,58 10,71 9,82 7,71
9,14 7,92 3,24 8,26 1,65 2,5 3,94
5,08 1,46 9,21 0,6 11,89 4,35 2,01
4,76 2,54 2,34 6,98 3,88 11,26 13,12
4,18 3,83 14,38 2,87 2,68 9,55 5,76
10,76 1,0 5,35 0,36 3,01 13,67 12,25
13,51 14,18 2,78 0,86 1,27 4,52 5,18