30
9
1,48 5,11 7,64 6,75 14,83 1,66 0,76 8,13 6,28
12,62 13,63 5,15 1,24 10,72 11,09 11,56 8,73 1,2
12,92 10,34 8,04 0,24 11,89 2,95 1,91 2,48 7,65
10,6 9,46 6,57 6,45 8,46 5,01 12,42 10,79 14,62
12,05 3,24 12,2 7,77 10,12 12,8 12,9 3,64 4,36
8,4 4,22 7,16 2,98 2,78 6,07 1,16 14,88 1,7
2,1 11,49 0,64 10,19 1,65 2,97 7,66 0,26 13,76
4,46 14,56 3,56 7,77 1,9 10,07 3,43 9,79 11,76
0,19 1,79 14,32 6,99 1,76 0,12 9,4 2,43 5,27
3,24 1,04 9,66 10,22 11,17 2,05 4,09 12,15 8,55
9,8 10,18 10,04 2,72 0,82 10,6 1,91 10,14 7,08
13,31 4,85 7,55 0,64 1,47 8,15 9,96 8,38 4,11
6,72 10,61 14,86 4,09 13,46 10,76 9,81 14,23 4,06
9,06 10,0 1,74 4,16 1,92 14,26 3,31 13,02 5,48
12,49 0,43 4,85 5,44 9,97 7,03 5,96 12,19 7,82
12,43 3,19 0,5 1,24 3,13 5,14 12,4 3,94 13,36
13,62 13,65 1,45 3,59 4,29 11,69 10,71 2,76 8,01
2,42 3,33 14,51 13,32 7,91 9,4 11,64 11,68 12,04
11,62 14,97 5,91 13,08 9,34 3,24 9,49 11,07 8,62
2,96 12,63 8,67 3,89 8,77 6,81 4,34 12,0 8,67
10,83 5,67 2,67 6,29 12,6 7,32 3,89 7,58 10,43
3,44 1,18 9,83 3,95 11,43 13,44 5,7 13,21 4,73
11,4 6,95 13,64 0,66 4,94 0,14 8,36 11,85 2,45
11,46 13,26 8,92 0,83 14,4 2,4 13,7 10,48 3,78
10,13 2,59 6,65 0,35 10,57 10,07 4,69 9,21 14,48
1,67 0,17 5,8 10,05 5,39 1,92 0,26 2,22 5,14
2,14 10,44 3,38 5,35 8,62 12,01 14,28 10,12 6,47
0,59 3,98 0,41 0,67 10,62 10,31 9,78 2,89 14,69
0,02 1,99 14,28 10,55 5,32 10,65 0,62 3,38 14,84
9,13 10,62 2,74 13,05 13,2 5,43 10,35 12,31 11,28