22
7
4,62 5,61 7,77 8,12 14,66 7,42 0,65
9,12 1,26 0,68 12,64 9,81 4,45 7,64
3,82 7,74 13,89 4,69 11,82 2,92 3,84
9,58 12,08 13,74 6,31 2,84 10,96 6,26
3,15 2,08 2,67 3,69 2,06 9,31 0,23
0,74 13,4 2,98 8,29 14,87 3,1 12,45
11,06 11,16 8,67 8,44 8,91 6,79 13,39
7,6 7,21 9,3 9,27 5,33 5,21 10,14
2,98 9,48 12,32 12,44 8,26 6,22 2,18
11,48 5,53 2,63 8,72 0,05 2,04 13,52
11,53 4,85 3,2 2,63 14,24 14,8 11,18
7,69 7,13 9,48 13,07 13,64 11,88 3,29
10,54 4,47 3,4 11,99 14,56 5,33 7,8
5,18 0,33 4,03 0,44 3,7 9,28 4,98
9,6 1,85 2,75 9,69 0,01 7,65 8,19
10,33 8,32 9,98 2,64 3,58 0,54 13,37
9,72 9,65 9,78 9,64 10,25 0,81 12,14
7,02 6,96 12,81 8,05 10,17 8,54 10,82
4,62 0,94 9,86 6,78 1,93 6,12 7,48
13,07 8,78 2,72 3,3 1,96 14,84 4,2
2,49 12,8 9,54 11,35 9,35 10,26 9,47
4,96 0,37 1,52 7,82 10,46 7,94 7,89