52
5
5,18 7,31 3,64 11,06 11,74
0,07 11,62 11,93 10,66 4,05
3,84 5,4 10,54 1,17 9,57
11,54 1,35 2,63 2,06 1,28
5,21 14,79 12,53 0,02 14,72
1,5 2,01 14,55 12,5 1,77
12,51 11,97 0,42 6,08 5,58
12,69 8,59 4,86 12,21 10,18
9,93 3,71 10,88 11,88 0,17
7,56 11,2 11,35 1,43 13,91
2,06 14,18 8,21 5,2 4,6
5,29 7,85 3,37 11,23 14,08
4,32 4,3 5,24 4,12 4,52
7,13 4,86 11,84 10,02 10,28
14,96 12,42 13,09 0,79 13,76
8,96 7,5 1,43 13,41 5,53
3,75 2,6 11,75 9,6 6,53
11,59 5,36 5,67 12,11 10,43
8,47 14,39 13,86 10,65 6,99
9,7 11,22 13,46 7,4 0,46
1,04 0,02 6,05 3,1 2,1
11,73 1,38 11,07 12,84 12,54
8,17 0,8 13,75 1,33 9,45
3,59 9,06 6,13 8,9 11,01
3,39 14,7 6,81 10,24 2,21
9,73 4,86 6,65 8,4 13,38
12,84 7,16 6,73 6,0 3,77
1,29 14,2 6,62 7,35 14,63
9,72 10,89 1,27 4,97 13,66
1,56 5,85 0,28 11,6 5,24
7,91 3,0 7,8 11,47 12,23
0,51 11,07 5,79 0,79 4,69
0,97 3,37 12,94 6,23 5,5
13,54 4,55 3,09 12,76 8,7
2,63 11,39 13,4 12,88 6,02
2,59 9,21 2,93 7,22 11,92
8,47 4,19 1,32 11,74 14,2
1,5 10,23 12,91 7,36 4,09
3,03 13,91 13,99 5,37 14,18
12,48 5,18 10,86 7,63 0,49
7,82 0,1 1,3 4,33 3,99
4,74 12,08 8,41 12,3 11,8
2,61 0,26 9,02 8,89 11,51
0,42 4,45 13,62 5,16 1,0
8,47 5,18 3,57 10,9 7,11
12,8 10,95 4,4 13,61 14,2
7,4 4,77 1,96 8,42 11,06
14,41 3,05 13,29 3,85 3,89
0,6 12,87 2,57 13,29 5,01
3,99 6,86 7,29 6,5 14,89
14,76 14,14 0,03 10,1 4,5
0,45 2,25 1,55 6,0 0,24