24
4
6,96 13,86 14,91 8,47
6,7 6,8 11,5 0,47
9,32 6,92 0,64 10,27
0,54 8,69 11,47 7,72
10,84 8,13 11,25 10,09
0,63 6,76 6,32 1,13
0,05 4,37 10,99 10,46
4,42 6,28 5,6 13,41
11,77 0,8 0,4 8,49
11,94 13,17 11,26 10,8
11,28 7,56 11,79 1,05
5,63 5,66 9,02 9,48
11,41 4,22 9,38 3,79
11,98 4,74 10,58 8,56
13,44 6,45 1,38 1,03
14,89 9,02 4,54 0,94
8,21 1,2 4,13 13,06
6,35 8,87 13,15 14,08
7,27 11,48 5,54 2,69
3,21 12,85 13,23 5,46
14,77 8,75 14,38 5,6
7,17 12,64 0,08 12,48
7,55 1,7 13,17 14,77
5,62 12,38 3,55 4,31