171
7
2,7 13,41 11,89 1,91 1,74 10,67 5,29
1,94 7,04 10,86 4,35 11,0 13,61 3,1
0,75 12,64 2,52 4,26 4,59 8,46 13,59
7,43 13,79 8,16 9,07 4,67 2,05 3,78
14,17 4,03 9,83 1,26 8,73 13,16 9,49
4,81 11,7 9,97 2,8 5,16 9,56 10,59
4,14 9,76 10,89 10,94 4,41 4,66 1,33
4,98 14,85 2,12 8,21 9,06 9,25 10,17
11,39 9,24 14,78 6,8 9,45 10,97 2,6
5,31 0,83 10,13 0,09 14,04 4,73 9,78
3,66 9,42 6,16 2,02 2,46 13,49 5,52
7,98 13,19 14,8 14,07 6,93 12,23 13,99
0,02 10,12 6,14 12,12 6,81 1,69 14,82
1,07 13,78 6,76 0,4 13,38 0,13 7,37
14,09 0,3 13,47 12,29 14,28 10,22 11,19
3,15 5,91 4,58 11,55 8,38 14,62 2,67
10,71 3,36 9,11 11,15 2,07 6,81 8,7
6,44 12,62 14,29 8,81 14,4 11,0 4,16
1,74 8,65 7,46 8,11 9,72 6,9 2,69
3,66 11,33 7,49 10,23 5,19 4,79 0,27
7,22 5,58 13,86 2,32 13,5 6,45 5,72
6,72 13,12 8,01 12,58 13,11 9,58 9,11
6,66 13,43 14,39 7,76 8,48 3,88 0,95
14,23 2,86 1,88 1,51 5,43 10,26 13,29
4,06 7,81 0,09 8,55 3,31 1,2 3,48
5,16 5,74 0,64 14,92 8,48 8,11 12,86
12,82 13,38 12,14 14,14 5,09 1,92 6,11
9,1 3,09 7,63 7,74 5,13 1,74 9,15
7,2 13,36 6,71 14,02 13,91 10,2 10,53
12,86 12,98 9,38 9,01 14,95 7,29 8,49
14,86 5,31 8,64 4,57 13,01 8,98 14,83
12,16 10,83 11,42 4,7 10,14 0,54 13,67
5,8 3,7 4,89 0,24 7,12 1,82 1,98
2,15 2,05 11,34 14,22 13,91 2,74 14,37
9,8 13,0 12,91 6,44 2,58 6,93 12,15
5,57 3,38 3,76 10,47 8,68 1,52 7,99
2,62 12,16 9,31 12,51 4,18 2,29 8,38
7,0 4,6 1,28 2,76 12,09 9,04 6,63
5,38 9,58 1,3 3,76 9,76 3,92 6,82
0,39 3,04 4,2 7,63 1,35 5,82 11,46
6,55 11,97 11,3 10,71 11,53 6,83 5,44
1,96 10,58 1,02 10,57 13,93 14,51 10,32
2,75 1,54 4,63 0,05 5,24 10,01 12,1
8,27 10,5 11,8 14,65 13,92 10,4 0,78
6,14 13,43 12,08 2,26 11,82 9,32 4,07
2,31 8,22 4,71 9,67 8,76 2,53 0,7
6,07 14,77 2,5 2,44 0,64 7,15 1,26
0,68 6,45 0,47 10,8 2,69 13,85 1,37
6,74 10,4 13,99 3,11 3,73 1,91 14,85
1,66 3,21 14,55 9,18 12,64 6,55 14,36
13,45 1,03 13,54 6,65 6,24 7,43 1,43
9,44 1,91 3,91 1,97 12,29 2,95 9,33
3,62 13,82 11,93 1,32 14,95 12,87 14,26
7,92 6,03 12,56 7,06 10,4 8,08 7,49
13,29 6,18 8,07 9,13 7,04 9,97 10,51
13,07 6,35 4,18 2,24 13,29 3,62 10,61
0,62 0,71 8,37 0,52 10,37 4,61 10,11
14,87 11,0 11,26 9,87 1,21 4,71 13,63
10,27 14,57 6,07 12,88 10,4 8,71 2,55
9,45 9,09 2,41 13,76 3,69 1,47 14,73
4,09 4,27 3,96 1,93 0,5 8,08 0,04
9,21 14,93 14,04 0,83 6,77 7,84 4,76
5,58 9,89 14,66 4,42 4,7 1,56 13,44
10,09 7,75 1,74 11,37 13,07 2,23 13,58
6,4 14,77 7,82 1,76 7,98 4,32 0,71
10,32 8,28 6,27 7,89 7,8 5,02 11,58
2,23 6,43 8,22 6,83 7,23 14,41 9,77
2,16 12,8 10,81 11,81 13,68 3,43 2,16
14,46 14,38 9,24 5,59 4,8 6,34 14,8
4,17 1,21 3,12 8,07 9,85 14,44 4,43
8,15 3,25 9,83 5,0 4,24 3,28 1,74
14,16 9,5 1,42 10,15 14,12 11,08 7,78
9,7 6,68 10,58 4,13 13,95 11,79 8,13
3,07 11,92 5,7 10,87 6,22 12,45 10,97
6,35 14,93 4,88 6,27 2,86 11,48 4,79
6,7 10,08 13,84 3,34 6,85 8,31 0,12
11,22 13,58 5,1 9,16 9,89 0,35 14,2
9,06 0,08 10,35 11,99 10,58 6,53 4,81
1,74 7,38 2,11 8,08 5,33 7,59 1,45
6,05 2,75 14,24 8,97 11,34 12,93 10,96
2,72 3,15 5,93 12,11 3,34 0,77 13,34
5,2 3,69 11,34 8,54 0,08 7,88 2,01
13,31 8,6 8,05 8,87 4,1 9,52 0,25
8,08 13,29 5,41 10,13 11,49 9,19 13,64
3,27 5,52 12,24 5,05 8,75 9,93 14,95
0,2 9,87 9,64 1,97 8,97 6,49 11,48
8,67 7,86 1,32 4,57 7,38 10,37 2,71
7,19 2,39 6,5 10,76 3,89 4,67 12,04
8,93 11,79 5,75 6,07 1,62 2,73 11,14
12,89 8,65 14,67 10,32 11,09 10,23 6,96
4,31 2,62 3,72 9,39 12,31 7,12 4,09
6,27 14,94 6,52 6,77 13,75 7,04 8,21
11,0 1,75 10,55 0,04 12,98 1,47 4,65
1,67 11,02 12,97 6,81 9,41 14,8 12,49
9,05 2,03 6,8 13,18 2,07 5,83 3,76
14,49 3,76 2,48 7,99 14,64 4,59 5,84
8,31 3,17 0,33 8,48 1,47 9,85 14,77
7,96 9,47 4,78 3,64 5,13 0,04 13,64
0,14 5,49 8,85 4,94 7,59 4,77 6,53
4,22 3,12 3,35 7,03 4,51 11,13 6,01
2,62 12,27 6,54 9,49 1,59 4,69 2,96
2,3 3,95 3,75 12,33 5,57 14,1 13,02
4,53 6,27 7,98 0,66 0,31 4,83 9,81
4,65 0,63 10,56 11,79 5,23 0,85 6,18
12,58 9,0 4,76 13,73 7,45 10,03 7,23
6,81 6,02 0,81 7,95 10,72 7,06 0,76
4,7 11,64 2,57 4,29 11,73 13,79 11,04
0,8 13,53 13,46 13,45 14,1 10,69 3,26
3,44 0,55 11,28 3,1 5,97 11,94 0,18
10,56 6,11 14,58 9,27 9,46 11,87 5,91
8,82 0,92 3,75 5,22 4,47 11,6 14,82
6,81 1,43 12,97 9,06 7,51 7,15 2,54
5,88 2,06 12,08 3,88 5,19 0,98 2,6
1,95 2,78 5,21 10,18 5,04 13,44 5,43
7,14 8,31 6,91 13,79 12,49 9,46 13,5
0,06 1,9 11,36 14,54 12,62 6,73 6,15
7,13 7,22 4,98 0,76 5,24 2,63 10,46
14,9 13,62 4,32 2,56 6,57 7,17 10,41
1,15 8,17 1,91 2,49 0,6 6,05 11,45
9,26 5,18 5,67 11,2 7,88 0,61 14,4
9,1 11,52 9,29 2,79 14,84 11,69 5,84
12,14 11,21 2,02 2,31 11,87 14,4 4,94
2,28 4,61 14,35 6,66 0,95 8,1 8,49
4,65 8,58 0,84 6,72 12,77 4,16 12,56
9,49 12,88 1,93 3,43 9,13 8,71 7,06
1,8 0,43 13,77 7,76 8,34 5,56 10,54
0,59 5,94 7,0 9,79 1,7 1,81 9,6
10,91 11,69 1,14 4,09 14,41 1,52 14,28
4,99 12,35 0,97 9,79 4,05 5,57 2,17
11,39 7,47 5,82 7,45 11,52 13,05 1,73
1,39 8,03 5,12 0,44 13,05 6,03 10,74
3,45 3,07 10,13 13,48 11,9 12,15 1,58
6,23 8,97 4,84 10,13 11,58 4,95 14,06
5,24 2,35 8,05 3,72 0,62 7,02 3,65
12,78 13,73 4,89 2,85 11,81 7,8 13,2
4,87 3,01 7,52 14,97 5,41 9,28 8,28
13,08 2,91 1,94 13,41 2,78 4,62 13,73
13,46 3,72 0,39 5,36 6,43 4,36 2,49
11,6 0,01 13,66 3,48 3,03 2,93 9,18
3,3 1,9 10,04 12,96 7,9 10,01 10,46
13,16 1,68 11,21 7,25 14,4 12,0 12,79
5,42 1,11 0,07 4,0 5,45 1,36 14,1
6,09 11,18 9,42 8,29 7,22 9,51 8,32
13,64 12,76 12,51 10,13 5,91 6,79 3,75
2,77 14,9 10,82 10,28 3,7 9,59 5,17
12,67 13,87 3,85 13,87 0,07 10,02 5,75
14,17 6,35 12,3 13,96 13,17 4,56 4,16
3,87 3,49 14,28 11,94 13,57 10,31 0,43
11,84 6,59 14,54 13,04 14,66 1,31 14,33
10,18 5,09 11,29 1,8 9,03 13,73 4,17
5,85 7,16 14,47 2,35 12,79 4,57 2,76
8,9 10,31 13,56 13,04 11,32 1,0 12,5
3,49 3,28 3,01 5,22 2,94 2,28 13,44
7,16 12,09 10,96 1,21 2,96 2,19 10,04
4,86 8,02 0,87 9,93 5,88 11,74 9,03
9,64 8,04 2,9 11,51 1,4 14,25 9,62
4,64 6,46 10,45 14,37 4,41 5,93 12,12
12,78 6,16 10,99 5,28 4,78 0,69 14,07
5,06 6,85 10,55 8,01 0,63 12,92 6,96
12,35 12,22 4,18 13,97 0,12 0,89 2,15
6,0 5,09 11,2 4,57 1,37 6,81 8,07
6,32 6,88 6,81 9,88 3,72 11,24 2,13
1,58 7,18 9,49 14,28 10,6 0,93 9,46
11,31 13,64 8,83 6,34 13,74 4,85 11,39
13,5 9,55 1,47 14,85 7,83 11,5 6,38
9,49 9,72 12,72 4,33 2,04 13,57 4,26
4,3 4,33 0,96 1,16 7,01 13,75 1,44
11,52 8,71 14,17 7,79 14,98 7,79 2,27
12,51 8,79 13,33 5,02 9,39 5,88 9,14
0,46 3,38 14,63 6,86 5,16 0,41 2,98
7,67 1,14 1,78 1,94 0,11 4,77 0,79