106
3
4,44 5,92 12,18
12,04 0,16 0,31
13,52 4,7 13,53
4,48 11,5 12,29
8,85 11,41 12,76
11,76 12,86 5,08
5,61 8,69 8,92
6,13 8,98 2,17
5,75 9,14 2,03
7,2 5,55 12,45
3,32 5,82 6,77
7,07 14,31 1,85
13,3 8,62 12,38
2,05 4,4 8,97
10,22 10,88 11,18
14,15 11,21 12,24
4,13 9,28 12,86
9,83 6,67 4,76
2,07 8,71 12,5
3,17 5,69 0,44
3,49 9,55 14,33
2,85 8,79 2,86
1,62 14,19 12,18
8,82 1,27 13,33
8,06 9,38 9,03
10,28 5,05 1,09
13,97 5,01 2,44
7,16 11,17 0,49
9,9 8,24 8,91
12,49 6,44 5,91
11,53 3,72 11,06
8,75 4,18 4,25
9,24 6,8 5,69
7,82 6,56 0,14
1,5 2,67 5,65
2,97 14,89 1,43
11,86 10,88 14,39
4,16 13,1 1,22
9,24 4,92 4,34
6,7 9,17 7,69
2,1 13,45 1,19
6,24 2,67 7,95
4,25 6,78 3,35
10,7 1,07 0,02
8,68 14,77 2,85
0,41 11,12 7,46
11,39 12,69 9,05
6,09 7,44 0,03
1,23 5,02 7,92
13,58 12,84 11,02
2,95 11,8 14,34
7,91 12,43 13,24
13,71 12,46 5,58
8,44 11,19 4,39
0,62 2,72 11,24
9,32 9,53 14,73
1,53 12,13 1,23
14,17 14,09 2,09
11,49 11,17 10,41
0,25 5,12 8,29
9,1 8,59 6,57
8,49 5,99 8,8
14,9 3,79 9,2
0,5 2,89 3,42
2,57 14,1 2,17
7,23 11,69 1,06
2,57 8,72 9,8
0,69 8,51 5,67
6,13 10,3 13,03
8,27 14,98 14,92
4,0 8,87 6,16
0,72 9,12 4,54
3,23 14,6 12,02
8,54 13,66 5,38
1,5 11,23 6,42
11,33 7,75 6,71
0,75 11,06 5,52
7,48 9,11 4,8
6,17 3,13 12,92
10,87 0,67 3,72
6,48 8,07 4,32
14,72 3,5 14,9
5,89 0,5 4,75
12,14 6,82 6,28
14,03 14,57 2,52
7,58 14,4 6,66
6,91 0,07 1,7
5,79 10,26 7,82
6,37 7,35 3,06
0,05 8,82 14,39
10,85 4,21 2,45
12,74 0,23 11,02
3,52 12,42 4,95
11,27 6,64 3,11
12,58 3,8 1,82
9,04 4,55 8,05
13,31 8,95 10,53
7,17 1,15 3,03
3,44 2,8 0,66
3,47 2,94 0,64
7,24 12,61 12,91
4,96 0,83 10,39
7,62 14,32 2,95
10,41 13,14 2,41
3,86 2,54 7,25
7,47 12,9 1,5