94
5
5,37 11,58 11,08 8,43 7,09
5,08 7,43 8,11 12,05 3,27
4,09 13,52 2,77 10,65 6,43
1,75 6,98 9,05 4,8 0,07
10,43 4,68 12,25 2,09 2,36
9,63 14,15 0,48 9,95 4,65
12,65 13,34 0,08 7,35 3,17
14,66 0,2 8,91 7,52 14,79
5,78 8,77 8,35 5,72 8,82
13,32 8,92 0,55 2,33 6,34
0,68 3,27 5,17 5,07 4,2
9,8 11,44 0,77 6,93 5,01
13,51 0,22 12,59 8,76 10,28
10,95 4,8 6,78 3,25 4,9
11,51 6,95 13,41 7,58 6,59
1,65 9,52 10,15 10,58 0,17
14,24 2,72 7,61 11,24 6,38
14,23 3,38 6,77 6,05 11,0
9,85 5,83 14,77 9,9 14,27
12,25 9,82 0,28 10,32 3,59
3,47 2,08 11,4 11,66 5,89
0,52 5,77 11,13 2,82 0,04
9,8 14,75 5,2 8,21 4,11
13,27 13,01 6,22 0,36 9,14
7,51 14,69 1,61 3,44 14,78
5,08 13,23 8,89 0,04 4,42
4,88 11,1 5,37 0,34 2,48
12,73 2,08 3,55 0,9 10,87
12,61 3,3 14,85 9,86 7,36
12,97 0,56 5,26 10,09 7,83
13,91 5,71 4,04 10,22 14,55
5,69 1,9 9,12 8,09 2,21
0,48 2,59 11,1 1,9 5,31
11,91 5,11 1,58 9,02 6,73
5,67 10,8 14,23 3,2 14,89
11,6 2,01 13,65 14,74 4,49
9,02 14,21 3,07 5,36 2,19
11,93 14,53 7,95 7,0 12,78
3,28 0,41 4,15 5,4 9,47
2,39 9,02 8,18 13,62 2,43
13,52 11,17 10,17 4,96 12,13
12,18 14,36 14,52 14,65 9,95
8,19 11,99 2,89 0,82 9,52
7,12 14,98 10,81 6,98 0,98
14,64 11,72 5,5 9,81 14,98
6,83 2,68 12,51 13,58 3,14
10,17 6,35 12,93 1,89 9,26
6,85 7,26 11,03 11,66 4,19
14,97 7,05 8,79 13,95 2,56
13,64 6,69 3,19 1,32 6,85
8,7 11,32 0,33 14,75 4,45
0,4 8,48 1,76 8,18 1,33
1,75 8,17 0,1 6,16 1,94
2,1 12,51 7,99 7,39 3,28
1,53 8,61 7,48 11,21 5,48
11,08 6,62 13,13 12,62 10,91
2,1 1,41 5,2 4,23 4,25
12,74 7,42 11,76 6,17 9,28
10,19 7,65 14,46 5,89 9,65
6,72 10,41 0,26 1,61 13,86
3,77 12,39 11,9 12,54 12,92
13,32 3,08 8,08 10,0 0,11
12,16 5,8 8,69 1,28 5,1
7,08 8,25 12,85 12,79 2,96
12,22 0,83 6,3 11,37 14,54
8,5 11,78 8,21 1,49 7,52
6,59 7,27 11,72 11,11 14,01
11,9 11,5 0,12 6,25 14,3
2,91 0,71 11,62 0,09 13,98
12,56 14,11 3,05 10,24 0,64
10,66 8,0 10,8 8,99 1,14
4,81 8,7 12,37 12,43 2,78
14,16 6,76 14,91 11,72 7,23
3,02 9,84 1,23 12,06 11,59
2,51 10,4 1,48 10,29 0,55
5,64 8,02 13,46 8,23 2,05
3,79 5,28 4,52 5,66 6,63
2,14 10,22 8,24 11,81 0,05
10,59 13,23 2,43 4,88 1,93
3,62 13,24 11,33 14,04 6,54
0,63 12,49 13,7 0,13 13,57
3,43 4,15 4,78 7,97 1,01
14,54 13,27 3,17 10,06 9,45
3,17 8,03 14,57 14,52 4,22
10,0 14,7 7,51 1,11 14,77
13,35 9,75 14,44 2,48 1,56
0,19 12,23 8,28 6,92 1,51
14,19 9,89 12,15 11,75 12,74
6,41 1,0 12,57 5,5 2,78
6,55 12,56 13,23 1,37 10,72
6,72 0,86 4,87 9,35 5,95
1,24 10,28 0,51 1,29 0,43
11,18 14,76 14,61 6,33 5,43
14,81 6,24 4,16 7,07 1,55