161
5
14,32 12,64 4,13 9,95 13,18
14,98 1,72 10,72 9,02 13,97
2,09 2,97 5,65 7,16 13,97
8,28 1,21 4,59 4,59 9,71
13,41 9,22 3,12 2,11 12,2
14,6 11,0 9,87 9,15 11,41
11,86 8,47 7,75 4,37 2,46
5,14 1,25 15,0 0,13 3,23
12,98 2,87 11,19 2,76 13,9
12,99 7,79 11,26 3,66 13,64
8,56 11,62 2,47 9,5 2,76
4,41 12,44 3,57 5,67 13,27
5,12 5,24 5,01 5,24 6,23
8,57 2,87 9,9 1,96 4,39
6,83 8,25 1,09 0,7 14,32
12,54 3,23 6,34 11,12 6,02
12,51 0,9 14,16 14,24 6,55
10,01 2,68 11,41 0,97 4,9
9,72 8,11 0,26 3,2 10,72
6,86 8,9 9,86 6,18 1,85
0,52 0,04 10,28 13,43 13,68
1,82 5,49 5,47 4,71 4,36
5,02 1,17 14,5 7,71 8,65
5,77 14,55 2,59 12,72 14,71
4,63 14,85 13,85 2,5 12,03
5,26 4,84 2,14 1,47 6,75
6,49 2,84 2,17 6,95 10,57
8,3 2,48 8,46 1,27 12,03
7,13 2,31 7,44 2,49 14,65
5,39 5,79 13,69 8,62 4,3
6,87 5,2 10,44 1,41 3,74
12,47 7,59 10,89 14,22 1,05
13,49 5,09 12,43 7,46 13,47
14,72 4,85 9,35 7,24 1,77
5,97 1,26 2,12 1,54 12,69
7,38 0,34 3,87 11,47 3,93
9,06 2,65 8,82 11,19 8,38
2,41 13,09 3,82 11,98 5,72
5,58 8,21 13,31 13,29 3,84
9,08 6,72 6,46 14,53 5,09
11,3 8,39 12,33 12,54 13,5
10,63 12,65 13,77 14,84 7,68
12,92 2,65 9,05 14,55 0,8
5,16 7,04 9,92 14,69 6,71
1,81 11,92 7,73 13,22 2,94
9,86 1,05 0,79 4,7 10,26
6,25 5,2 6,95 2,04 12,61
11,48 1,74 9,16 8,06 9,85
3,04 8,71 0,61 6,04 9,0
11,4 7,65 8,86 6,82 3,22
0,84 13,03 8,24 1,92 0,1
4,6 6,15 3,45 1,84 13,02
7,85 14,71 1,06 1,76 11,92
12,06 0,95 14,16 1,77 8,33
11,29 6,19 9,48 3,32 3,48
8,71 8,16 2,97 13,98 4,14
0,47 7,25 4,28 12,33 13,5
6,96 11,4 11,55 14,61 4,24
1,64 3,34 12,87 13,13 2,63
1,97 8,77 9,81 0,31 4,32
9,54 9,26 13,07 12,0 8,93
2,13 4,22 1,37 11,34 9,13
13,6 1,44 14,66 11,9 14,22
3,26 0,82 12,68 2,81 14,74
7,37 4,18 10,92 7,85 6,93
4,9 2,27 12,0 1,8 1,61
8,69 8,8 4,31 1,24 6,96
9,96 0,54 14,59 8,02 6,24
8,62 3,51 0,54 1,83 4,97
0,3 1,57 2,03 9,13 1,37
5,58 14,8 1,06 5,33 1,75
11,14 10,21 7,05 2,08 6,66
13,97 1,36 10,02 5,53 2,81
8,8 10,46 1,05 11,38 4,81
6,14 12,17 13,23 3,28 1,99
7,7 6,4 0,92 6,78 5,96
6,94 3,76 8,7 12,23 14,24
11,54 3,96 7,23 6,55 9,87
2,84 4,51 13,1 14,48 10,16
6,48 5,34 12,12 4,4 3,55
0,06 3,91 3,95 4,08 8,79
10,2 9,08 12,7 13,05 13,31
4,78 9,02 2,54 11,69 0,35
0,85 14,35 3,84 12,24 4,63
13,44 0,65 3,37 12,03 7,3
4,1 4,99 14,84 1,42 3,98
9,87 3,29 10,6 0,7 3,62
6,47 10,08 6,85 12,79 7,42
12,99 2,84 1,41 4,48 6,26
3,67 1,08 1,71 11,28 6,18
4,06 10,41 7,34 4,67 13,06
8,24 10,91 7,37 5,17 8,17
8,45 10,48 5,86 12,72 14,85
5,38 3,03 14,59 8,29 2,72
13,15 12,07 6,16 9,22 10,96
5,23 9,79 7,53 1,04 7,11
10,69 14,87 9,82 7,42 4,22
5,94 14,87 4,96 4,76 5,97
12,9 9,17 2,01 7,23 8,46
5,01 1,76 6,27 4,96 6,83
12,6 8,91 0,38 5,91 7,29
0,69 0,3 2,48 6,38 13,2
3,91 1,24 6,39 8,87 4,11
2,77 13,89 10,54 13,22 3,45
7,22 9,65 8,2 11,57 8,1
7,44 11,49 11,34 10,64 3,42
0,72 9,16 5,66 8,29 12,7
9,85 0,11 2,29 3,4 2,48
6,97 7,69 2,24 6,87 9,06
11,89 0,14 3,57 14,5 6,64
1,95 10,97 1,38 7,73 13,41
14,09 6,49 9,47 1,26 8,83
4,69 10,94 11,48 4,29 10,59
11,11 14,87 5,44 8,87 2,96
5,02 3,87 7,59 11,52 13,81
4,45 2,39 8,59 13,93 11,58
11,79 0,84 6,06 12,48 0,76
11,24 0,77 7,9 0,21 3,1
8,15 11,38 13,32 8,18 13,24
9,69 8,96 11,93 2,64 5,36
10,24 11,94 11,04 8,1 13,72
8,21 7,94 14,89 12,51 5,32
12,24 4,2 3,62 5,1 6,27
3,66 4,1 10,97 9,48 1,61
0,43 4,31 12,14 13,12 6,6
9,83 12,19 11,7 9,73 1,15
12,52 2,75 9,55 6,78 6,38
0,86 6,71 2,77 8,93 11,82
7,99 11,57 13,5 1,63 2,3
0,88 1,12 3,96 14,57 6,67
6,31 12,07 9,68 8,64 13,78
12,57 6,56 1,64 3,91 12,06
11,48 14,35 6,86 7,76 13,04
1,25 3,67 3,89 4,14 7,72
11,04 11,05 2,2 11,99 13,08
2,91 2,65 11,9 7,82 13,28
6,77 3,01 3,05 3,09 9,63
3,63 10,27 0,05 11,11 14,35
10,7 5,88 11,3 9,73 13,82
2,49 13,68 13,68 3,93 13,54
5,77 12,08 2,96 10,01 0,6
8,88 1,39 0,67 7,09 3,23
6,41 5,51 5,86 2,28 12,87
1,09 3,47 8,65 3,89 11,49
0,01 14,5 4,38 2,11 10,9
7,63 6,9 14,99 9,0 1,54
0,77 12,54 8,33 3,95 4,23
4,41 10,22 0,46 3,29 2,59
11,34 4,17 3,57 2,5 4,51
7,24 2,54 9,65 9,35 1,55
6,15 5,48 3,82 1,83 14,35
12,74 4,4 10,65 10,34 4,84
14,42 4,03 0,34 4,26 12,21
11,29 1,72 13,16 9,3 4,93
7,94 14,14 12,04 9,61 3,25
8,12 4,63 10,2 3,08 4,3
1,75 6,46 12,61 11,95 11,46
2,85 11,23 10,3 10,49 1,76
1,46 7,15 13,91 3,08 12,36
3,94 9,62 9,71 4,99 1,9
10,39 13,52 7,82 3,57 14,01