144
9
9,02 3,24 6,99 8,47 12,15 12,65 4,56 5,62 4,5
2,28 6,74 1,81 0,71 5,36 13,78 9,37 11,81 8,55
7,32 2,95 4,67 6,97 14,89 4,75 2,7 5,0 1,12
4,76 6,89 11,84 10,28 12,43 11,84 4,95 12,83 8,06
1,97 11,37 11,23 11,95 5,09 12,97 4,72 12,92 11,08
12,12 5,38 6,4 4,38 7,27 0,19 14,97 6,31 14,52
3,98 0,24 0,68 5,91 10,95 5,79 4,26 5,65 0,47
8,32 2,25 6,32 5,43 11,75 10,48 2,54 11,83 14,79
5,48 10,09 8,84 2,44 14,65 9,14 5,19 13,53 4,95
11,8 9,37 12,49 8,06 13,3 5,47 4,23 13,88 8,4
5,75 8,75 12,85 10,14 10,87 1,03 3,15 4,55 1,8
2,97 8,1 14,57 4,78 6,78 2,51 14,78 4,12 1,82
9,27 1,11 3,72 5,52 0,27 12,35 2,48 13,84 3,23
7,68 0,34 5,12 8,09 0,48 3,59 5,43 8,76 5,97
8,71 1,92 4,61 2,39 14,44 0,98 2,87 12,84 5,15
12,05 14,9 8,49 1,14 2,97 10,71 5,15 1,97 9,25
4,86 4,59 5,06 0,95 12,35 10,81 2,08 11,74 0,82
0,74 5,97 4,52 7,53 1,64 0,99 11,81 2,89 8,38
2,85 8,05 14,9 4,63 6,0 13,74 10,44 13,15 5,09
9,04 6,2 11,82 14,28 5,69 5,9 0,17 3,63 8,37
0,86 13,81 11,1 8,56 5,86 14,75 3,28 0,36 7,37
11,94 12,58 8,34 11,95 7,87 3,58 11,13 5,82 5,85
12,46 11,57 11,05 7,99 13,64 4,18 9,28 11,23 12,79
10,24 4,58 6,78 11,51 7,98 6,82 10,24 13,64 13,23
14,83 0,84 4,2 14,03 12,05 5,35 11,73 10,83 3,92
1,81 2,86 5,12 13,18 8,85 14,31 7,83 0,3 4,0
10,85 13,94 3,21 1,78 9,56 0,5 12,34 11,51 5,35
12,74 2,02 6,48 13,88 10,16 7,39 3,83 10,82 13,04
8,84 11,97 1,77 13,41 5,83 5,77 5,2 6,59 5,22
8,56 1,99 4,14 7,51 14,34 6,88 12,54 0,91 4,03
10,62 11,84 14,39 8,05 2,99 12,39 13,19 12,63 11,54
1,1 10,9 6,98 2,4 14,77 3,21 0,23 13,5 14,11
8,99 5,4 1,97 10,92 12,14 7,86 11,27 4,36 4,25
11,02 0,19 13,29 10,58 7,99 12,93 9,36 1,11 14,75
12,47 10,25 4,33 9,64 1,0 7,87 0,56 4,67 13,98
9,17 0,12 12,97 12,07 7,73 3,31 4,52 6,13 4,79
14,71 6,98 8,21 8,76 3,9 9,8 3,42 10,36 2,86
13,73 1,82 6,49 2,39 0,84 9,28 11,77 10,49 7,38
5,15 0,36 6,23 14,74 1,86 8,42 12,09 0,3 5,06
13,61 13,25 12,17 12,96 11,82 13,32 10,34 7,26 5,89
10,88 0,16 11,77 7,84 9,05 10,56 7,19 5,2 7,7
9,09 11,77 9,17 4,61 6,22 3,34 4,11 7,73 0,18
7,44 10,47 2,72 2,94 14,85 9,21 9,68 0,6 3,96
8,58 9,0 3,89 5,37 9,05 6,51 2,3 3,15 0,32
5,77 14,32 3,49 14,69 13,34 4,1 9,43 12,16 2,74
13,67 12,64 8,46 5,23 8,96 13,83 10,77 14,82 9,73
9,39 1,8 7,42 3,03 12,65 11,02 11,48 2,29 8,57
0,35 12,74 11,86 7,65 7,25 6,01 11,43 0,44 6,41
12,6 7,8 1,19 7,95 8,06 8,42 8,67 12,41 14,59
4,98 4,18 12,67 2,07 8,2 13,85 10,14 0,66 9,04
11,72 2,52 6,99 9,75 10,35 7,43 11,41 12,41 13,85
10,54 2,74 6,47 0,14 5,29 13,66 4,77 4,41 0,27
6,39 8,6 13,38 14,26 11,83 11,21 1,16 11,54 4,6
12,7 3,55 10,63 4,87 7,09 4,31 9,66 4,17 1,54
1,29 1,11 14,45 4,95 10,64 1,19 12,87 8,25 7,35
10,01 2,44 9,29 10,56 12,76 10,48 4,21 3,87 8,51
11,37 9,07 4,11 9,48 10,92 13,84 10,64 7,63 6,84
2,2 3,06 8,37 14,46 1,62 12,56 7,3 12,38 14,01
2,11 4,33 2,08 0,93 13,01 13,07 9,18 11,34 1,71
8,04 7,48 13,97 6,05 11,53 7,93 14,62 7,97 5,09
3,4 8,75 7,19 14,78 4,89 6,45 8,75 2,62 1,03
2,5 2,77 0,26 0,65 3,29 1,02 6,1 3,96 7,72
2,19 4,07 9,06 12,19 14,61 1,94 9,14 5,25 10,86
13,7 2,15 4,9 8,69 13,63 12,67 6,14 3,57 14,52
5,49 2,43 7,9 11,58 0,1 13,0 0,72 5,23 3,73
7,87 14,87 0,78 0,62 9,21 0,57 10,18 3,46 2,41
3,15 14,83 8,21 1,05 11,9 5,19 12,56 1,07 0,91
12,85 1,91 4,29 13,7 3,16 7,4 6,83 2,38 3,13
6,7 13,31 8,15 1,66 7,03 12,24 0,91 10,19 2,73
2,31 6,95 4,69 14,78 13,6 6,77 5,05 11,33 1,26
2,43 4,04 11,28 8,95 5,43 10,6 10,19 0,99 3,59
14,91 9,7 12,09 7,48 3,23 12,35 7,54 0,01 5,59
1,0 8,27 12,11 0,21 11,2 11,07 11,33 5,13 2,98
6,96 1,63 2,37 10,92 6,29 0,46 10,88 6,43 3,35
9,24 9,1 8,46 14,89 14,16 10,96 7,44 13,81 2,99
11,19 1,87 8,37 14,93 1,13 9,82 12,41 14,5 14,84
7,38 3,59 1,6 9,26 5,74 10,04 10,29 8,96 13,96
12,9 2,18 10,87 8,01 7,92 12,49 1,47 12,3 6,93
14,08 2,1 11,9 2,61 9,07 9,6 7,38 3,48 13,84
9,48 4,11 9,27 5,0 4,63 7,93 8,7 2,05 8,18
13,28 7,72 4,62 14,25 10,53 2,31 10,91 14,52 1,29
12,57 14,2 11,7 9,68 8,16 8,52 7,66 7,41 11,38
10,97 8,44 3,99 1,12 5,54 2,93 9,24 11,74 1,82
9,25 12,62 7,73 3,14 7,33 8,17 10,71 4,22 9,15
2,15 3,4 7,94 13,91 8,51 9,66 5,38 6,05 12,46
1,3 8,76 8,94 6,68 10,63 13,51 5,98 4,7 6,4
8,32 12,92 11,88 11,15 0,82 4,13 10,72 10,48 3,79
1,98 13,22 0,67 6,26 5,21 3,08 12,35 13,67 13,84
5,14 11,09 1,24 8,43 11,3 3,35 13,86 11,24 13,7
9,3 2,4 1,12 0,12 2,57 1,1 12,18 0,7 11,88
5,96 6,15 7,29 6,55 9,34 10,03 11,55 10,08 14,19
9,58 2,14 10,46 9,45 12,17 12,89 5,76 4,99 9,97
5,03 5,2 11,39 4,37 1,07 3,83 2,42 11,11 8,03
9,29 0,44 6,47 6,61 11,75 2,09 10,59 5,33 11,1
5,51 10,17 12,26 3,56 0,13 12,3 3,33 12,15 0,41
0,03 10,84 13,29 7,68 3,89 4,1 9,81 3,26 4,93
2,63 4,18 7,24 11,6 0,21 7,46 10,08 5,53 6,65
13,92 4,05 8,3 3,74 13,15 5,83 0,47 7,61 4,19
14,3 12,18 7,49 13,49 2,44 5,07 4,74 9,6 13,17
0,26 14,57 10,22 3,87 13,83 5,97 9,18 8,25 8,19
7,8 13,6 10,93 4,64 13,88 4,81 3,3 6,08 10,2
1,47 4,01 3,66 2,84 5,07 12,74 8,66 5,59 4,05
6,05 9,58 4,22 8,94 8,64 8,93 11,48 9,4 7,87
4,37 3,43 10,21 9,29 13,8 9,9 10,48 8,26 8,89
0,04 5,96 14,42 1,22 6,43 6,11 1,52 12,43 3,12
0,51 4,74 0,36 11,05 13,62 6,92 6,04 3,94 4,96
14,9 0,32 11,12 8,96 2,87 13,71 11,27 11,72 7,24
10,93 2,03 2,56 14,65 6,89 12,63 4,36 1,7 11,53
10,46 1,1 5,94 8,3 0,35 10,45 2,45 4,48 3,32
12,92 6,06 10,99 4,73 7,46 7,75 14,93 7,54 0,36
1,61 2,21 2,18 12,45 14,04 14,43 12,2 0,39 8,28
4,21 12,89 3,1 2,23 7,2 3,07 2,82 3,94 13,86
13,29 9,62 0,12 14,19 10,69 8,12 5,65 5,73 4,67
3,71 10,2 11,87 6,36 3,49 13,86 14,62 7,57 14,48
13,86 8,45 14,93 9,49 13,98 2,49 2,59 3,7 7,23
11,8 8,45 6,27 2,8 9,77 9,6 8,64 10,4 5,72
3,78 14,67 4,51 2,97 0,07 13,6 14,67 14,29 1,65
4,37 1,2 0,48 3,67 10,77 14,86 8,65 13,99 1,37
8,44 5,31 9,92 8,75 6,44 9,31 11,76 8,31 1,86
9,77 9,52 11,28 7,7 10,03 5,84 3,91 4,28 2,97
13,72 7,81 9,3 10,82 14,66 2,38 7,96 12,79 7,64
12,01 11,56 3,68 8,03 5,86 3,79 2,41 1,16 1,14
13,35 14,32 4,49 13,05 4,14 3,03 12,29 6,17 2,18
1,8 13,45 7,88 4,14 5,15 10,94 3,36 13,71 11,98
14,83 6,59 6,58 11,46 6,13 7,06 9,68 4,72 9,79
5,86 6,87 0,34 11,34 2,89 4,97 4,14 13,43 6,05
10,84 10,62 10,6 13,0 9,22 14,85 4,42 1,86 13,1
14,33 14,24 13,09 2,03 0,13 7,34 11,7 13,56 1,83
8,91 5,14 1,84 7,66 0,27 3,08 13,09 9,97 10,93
7,09 6,49 6,77 6,25 10,62 12,46 7,19 3,33 6,62
8,32 11,79 9,15 5,8 13,41 5,35 11,0 5,37 14,48
1,97 9,96 13,29 5,07 14,36 4,16 4,79 12,38 5,6
12,23 13,26 10,78 12,17 12,83 9,4 4,31 5,03 2,03
10,44 0,06 8,91 6,84 4,32 13,85 7,71 4,57 6,47
13,91 6,76 3,3 12,11 2,12 13,85 12,28 3,03 8,16
3,07 0,32 1,65 11,64 1,43 13,77 12,15 10,68 9,98
13,48 6,42 5,8 2,67 7,31 4,6 10,46 0,19 0,56
9,49 14,8 6,74 1,56 1,16 1,36 14,49 3,67 8,93
6,28 14,27 9,03 9,07 5,26 12,33 4,93 8,75 5,35
9,63 2,33 3,83 0,57 6,31 9,11 4,79 9,04 1,02
2,07 12,73 9,01 8,05 11,37 5,85 5,46 11,36 1,51
9,63 8,86 1,06 3,44 8,63 6,92 14,1 4,8 14,42
8,0 7,51 10,44 14,55 3,12 4,53 0,14 7,51 1,96
0,32 9,93 5,22 4,79 4,83 1,21 2,23 11,55 9,58