102
7
13,95 7,42 1,85 11,39 12,67 1,0 8,89
12,98 9,29 1,66 1,32 1,85 11,03 8,31
1,02 9,59 9,85 14,3 0,33 7,5 6,0
7,52 7,72 8,47 0,28 6,41 2,97 2,65
12,14 13,34 7,15 9,95 4,47 7,12 1,6
14,91 11,19 14,84 9,2 12,6 3,68 10,9
11,28 0,73 7,46 11,16 8,06 7,87 11,51
4,99 5,38 13,87 5,82 14,6 12,14 13,44
13,99 8,76 6,41 8,97 0,93 2,62 1,67
13,26 6,06 11,04 7,92 6,05 8,28 9,4
8,49 0,92 0,55 10,0 8,11 11,59 6,78
12,24 3,88 8,18 12,74 7,59 4,8 8,43
5,55 8,21 6,45 14,09 12,34 0,05 5,75
2,18 0,24 0,94 5,99 14,21 5,4 12,22
10,22 12,78 4,98 12,46 12,84 5,61 5,99
6,5 5,9 9,71 12,83 2,47 10,25 2,08
0,85 6,29 8,31 4,49 1,64 3,84 4,38
8,13 8,91 8,94 10,12 5,28 2,27 0,04
7,91 8,64 4,21 6,89 14,17 9,86 9,23
14,71 8,54 4,16 9,53 0,67 9,34 1,43
11,94 13,22 3,2 5,35 11,99 12,29 8,47
2,0 3,3 9,86 3,53 5,53 6,96 1,46
6,02 4,18 9,56 5,43 8,15 9,7 0,72
10,86 1,74 12,13 1,7 11,36 13,67 3,84
2,08 12,21 11,53 14,85 2,52 6,19 12,99
14,21 10,68 9,73 1,42 2,27 2,02 3,14
7,39 10,71 5,99 10,28 14,11 0,22 0,66
11,26 8,98 13,88 13,85 6,23 9,3 11,91
6,54 12,23 4,18 3,38 11,08 9,32 10,18
6,0 12,99 12,58 9,21 7,0 3,55 5,71
6,4 14,58 10,08 5,08 5,28 13,24 8,63
9,98 11,57 12,57 13,82 5,64 0,97 10,9
0,1 0,86 0,49 5,68 14,84 7,32 9,14
8,51 8,93 9,16 7,76 9,56 2,44 7,48
13,35 4,44 6,8 4,07 1,05 12,86 13,9
14,61 4,31 10,26 14,46 14,79 1,45 4,47
5,43 9,91 7,55 7,2 4,95 0,35 10,53
14,9 12,37 10,74 4,45 8,56 8,14 12,03
10,89 12,44 5,75 5,77 0,5 1,59 13,8
4,61 14,74 14,49 11,84 14,59 13,55 3,67
0,07 11,58 6,39 2,76 8,34 1,85 4,37
12,44 8,21 0,71 7,21 5,26 8,44 7,35
6,68 2,69 1,73 9,35 9,05 0,14 7,99
8,97 7,09 0,64 13,47 14,3 7,32 11,57
6,53 13,38 6,65 5,67 14,65 13,26 6,1
1,18 6,75 12,44 3,27 6,6 11,07 7,31
10,99 1,88 10,29 9,25 12,72 10,1 13,12
14,94 14,97 9,73 11,55 8,55 2,58 11,54
11,31 0,8 9,95 3,3 12,77 2,95 8,57
5,08 5,19 12,99 1,67 3,11 1,46 0,82
0,67 2,51 11,32 9,18 5,51 11,72 0,18
6,94 9,86 5,4 0,4 3,03 6,03 1,0
2,93 3,9 13,82 2,0 11,98 11,97 3,57
1,32 12,09 0,74 5,33 13,39 14,45 2,95
5,93 0,89 0,97 13,71 10,56 4,74 7,57
3,77 9,5 2,54 9,7 14,3 0,44 1,17
12,02 8,29 2,36 7,51 13,15 7,55 8,61
13,69 0,66 14,28 9,79 11,17 12,62 5,31
10,31 12,52 0,41 5,94 11,84 12,53 7,46
12,83 0,98 14,07 4,01 1,52 0,48 12,16
3,15 3,24 7,41 0,51 14,47 13,86 2,55
8,84 0,18 13,12 14,21 12,38 0,83 6,75
9,99 8,88 6,16 2,42 7,44 6,69 11,26
7,44 13,36 13,3 6,93 11,69 9,65 8,09
8,39 0,91 0,02 13,69 3,31 7,32 4,24
9,45 1,47 13,96 2,55 7,07 10,32 14,8
12,75 10,02 11,31 7,82 7,73 11,24 0,51
0,29 6,88 10,72 10,56 2,44 9,65 1,33
14,0 6,44 13,13 2,41 3,82 2,12 7,53
12,72 10,37 5,46 5,14 5,85 2,16 13,58
12,64 2,6 3,85 0,03 12,96 12,46 2,09
6,58 4,1 13,91 3,46 11,4 12,84 0,07
8,37 0,14 9,48 4,7 11,71 2,03 0,79
6,23 4,2 10,07 7,99 12,33 14,8 13,65
6,33 11,99 7,85 0,65 0,34 7,88 1,65
6,0 7,26 9,08 12,59 13,7 5,93 0,8
4,44 4,36 2,81 1,35 9,02 7,07 12,45
0,13 6,67 14,36 13,27 0,36 12,54 3,9
13,14 9,88 2,2 8,24 11,39 3,2 14,58
12,83 8,26 9,81 3,18 4,26 5,38 4,25
14,64 12,56 9,39 13,82 13,61 12,93 11,34
0,68 2,45 1,47 0,12 14,99 8,86 5,04
1,3 9,68 6,19 5,12 5,96 9,84 7,57
14,41 10,86 4,97 11,1 0,69 5,59 7,59
9,35 6,99 5,32 5,09 13,69 6,38 3,78
11,11 0,27 0,4 1,36 5,73 4,38 2,12
11,47 8,41 8,74 6,04 0,35 9,27 9,05
0,95 7,11 3,78 7,84 9,75 10,79 12,99
6,6 10,73 14,44 12,11 13,11 1,32 3,03
10,63 3,42 13,47 12,58 7,12 0,74 11,8
8,49 13,55 10,66 7,85 1,93 5,35 14,65
9,85 1,41 10,0 13,46 0,07 12,14 10,78
12,67 6,05 1,15 12,89 13,93 2,12 2,13
13,31 0,37 12,53 0,58 7,47 2,87 7,51
9,61 13,57 1,99 11,87 1,94 12,64 14,78
11,41 10,0 2,49 10,02 13,43 4,95 5,2
1,0 12,68 10,69 14,76 2,64 6,41 13,09
2,39 1,14 12,14 6,64 0,2 4,61 1,82
7,45 11,11 9,15 3,74 14,48 2,74 0,14
11,33 9,93 11,75 0,96 11,35 0,26 3,67
8,61 5,41 1,87 1,93 2,45 11,29 1,06
14,85 14,67 9,74 1,93 11,93 6,57 0,73