104
8
12,64 8,17 6,63 5,98 0,52 14,17 2,89 11,12
12,02 3,18 7,22 3,86 7,6 11,13 13,8 5,29
10,0 0,6 1,55 7,61 11,14 2,8 2,62 12,9
14,25 12,05 1,48 4,85 10,9 2,71 3,13 1,11
4,91 5,48 6,15 8,49 10,03 3,18 0,65 6,93
9,03 8,73 14,09 7,7 7,73 7,2 9,18 5,32
12,24 5,96 9,2 2,93 7,91 9,37 10,13 1,44
1,23 3,74 6,98 6,54 13,17 6,35 8,92 1,59
13,22 14,56 8,56 5,79 14,87 4,04 10,13 0,78
7,76 1,48 5,41 6,38 0,37 7,31 10,83 0,65
13,03 14,88 4,03 13,98 5,07 13,08 8,5 10,77
0,53 4,92 5,9 5,93 3,64 10,89 11,87 9,1
14,06 4,11 1,95 11,47 13,56 5,0 9,35 13,86
7,49 3,19 11,27 1,96 0,53 11,59 8,51 1,73
13,97 9,63 13,88 5,51 10,24 4,21 4,64 2,92
5,29 14,16 8,3 6,77 6,82 10,57 1,4 0,39
13,72 12,61 13,6 6,5 5,73 11,14 11,39 0,43
9,47 9,11 7,87 8,57 2,16 6,88 3,14 4,82
1,88 10,35 14,99 7,05 5,98 2,04 6,0 10,97
14,61 4,4 14,86 8,82 8,46 5,57 13,08 11,21
13,23 4,08 2,81 5,95 3,03 13,15 14,84 9,09
6,83 3,72 9,66 5,11 12,66 7,84 3,53 0,59
6,0 1,19 5,9 6,09 6,98 10,47 0,51 4,65
3,14 1,84 8,58 13,29 12,66 9,58 14,06 4,02
8,49 7,04 5,03 14,91 7,34 0,1 14,07 9,77
13,68 14,96 7,83 0,33 12,42 1,66 2,84 0,65
8,3 5,61 7,06 5,46 4,78 13,71 8,9 10,03
11,63 14,05 10,32 8,02 4,06 10,27 6,13 14,81
5,18 8,65 0,52 2,09 3,26 8,91 7,92 11,81
8,52 4,95 4,93 11,18 10,16 2,32 12,89 3,69
9,91 5,99 2,19 9,76 7,97 9,42 2,77 11,89
14,95 4,85 11,03 8,3 5,04 6,1 2,94 3,58
9,03 10,33 14,16 10,83 10,73 10,08 8,18 9,2
10,6 2,39 9,91 9,23 4,52 9,78 5,54 3,61
7,5 8,42 3,05 13,75 2,09 4,4 1,25 5,89
11,74 5,24 14,23 8,56 12,63 4,65 3,7 9,1
10,41 0,98 12,44 11,74 2,89 8,73 5,96 12,69
3,24 2,41 13,13 6,94 14,29 9,05 6,09 1,11
5,9 12,14 6,86 10,49 11,62 5,52 12,57 5,34
8,01 11,51 9,8 7,66 10,2 11,8 5,26 3,02
14,19 10,22 5,23 2,41 1,48 8,87 13,35 8,37
13,84 11,96 8,48 14,69 1,41 7,11 8,24 5,32
9,81 2,06 2,11 9,48 2,07 14,18 10,22 2,78
4,64 8,28 3,63 0,26 13,18 0,43 6,48 13,82
13,3 9,13 11,5 3,56 9,89 0,42 6,89 5,68
6,36 11,47 3,97 10,31 13,25 11,93 1,83 11,68
7,22 13,02 11,15 10,77 1,42 7,02 1,31 11,89
1,37 9,35 14,63 6,91 14,05 5,9 3,84 6,64
14,78 0,14 13,18 1,42 0,69 11,43 5,73 1,18
5,21 5,37 13,99 11,92 8,89 9,7 9,59 3,02
6,3 2,02 0,35 14,6 12,61 0,85 5,5 4,46
5,79 2,78 4,22 13,45 3,4 9,88 8,24 0,17
5,45 12,23 12,62 9,73 7,66 0,67 14,17 4,4
10,27 0,24 5,75 6,54 11,44 5,18 2,45 8,28
0,02 12,36 3,45 13,8 4,54 9,17 8,88 2,5
11,99 6,44 1,85 7,17 3,35 7,55 10,24 3,76
6,12 10,07 6,05 0,84 14,51 5,48 10,68 0,84
9,03 12,85 14,39 8,72 2,05 6,17 6,38 11,02
14,55 4,77 14,23 8,18 5,43 8,47 10,94 11,88
6,26 13,69 8,92 9,52 0,14 4,05 5,99 0,31
10,5 5,51 8,4 3,58 2,29 2,98 2,75 1,57
14,62 14,92 7,22 6,78 0,28 3,32 1,71 1,27
14,55 10,19 6,21 13,27 6,16 2,26 8,67 2,9
9,12 8,82 7,71 1,6 2,92 6,86 14,97 0,3
7,87 12,7 1,44 14,71 11,17 14,95 0,37 4,77
9,25 13,96 3,62 2,13 0,3 7,23 7,32 3,01
1,64 0,89 9,84 11,89 9,8 8,46 0,64 0,87
14,24 12,19 12,84 5,25 8,03 9,52 0,04 13,0
14,85 9,12 11,86 2,28 13,51 14,34 8,05 10,58
12,49 14,33 5,53 3,08 2,03 14,26 7,71 10,79
9,3 3,82 12,9 4,21 12,12 3,21 10,17 9,79
13,29 2,23 11,57 5,01 3,8 13,94 7,94 3,67
2,88 4,02 9,93 6,77 13,9 5,07 8,08 4,36
8,22 14,56 14,81 13,03 10,49 0,79 11,05 7,87
13,49 2,01 3,98 8,41 4,43 14,2 12,79 12,71
11,61 7,47 10,45 12,51 11,45 6,32 8,02 8,43
5,72 11,58 7,22 2,66 13,83 14,59 4,77 8,53
12,37 14,79 10,69 0,01 6,59 3,34 9,19 14,24
12,33 4,33 4,71 12,59 12,83 4,31 12,0 7,87
2,01 2,4 11,46 9,15 12,47 6,76 3,09 5,04
11,61 0,67 7,81 13,5 7,61 6,05 11,3 1,86
14,42 6,14 3,79 2,75 9,01 14,43 9,82 1,32
9,98 9,48 14,69 8,18 2,32 4,19 9,97 12,65
11,46 2,75 11,36 1,12 11,0 8,82 3,3 7,13
11,7 5,79 5,15 2,61 11,84 10,59 9,14 4,36
4,49 10,99 9,14 1,9 11,87 1,57 12,13 4,22
10,44 6,59 11,52 2,16 7,29 13,94 6,19 12,75
12,45 8,04 11,46 13,12 10,83 1,79 3,3 10,87
0,67 9,24 2,16 5,15 12,47 12,91 0,22 13,53
3,65 5,98 7,51 5,49 10,23 5,61 8,03 5,83
6,67 3,28 9,59 10,6 8,72 6,53 6,68 8,12
6,17 5,82 9,25 7,7 3,06 14,03 2,15 10,31
9,46 12,14 2,62 7,74 2,2 7,05 7,55 9,4
2,32 0,81 4,56 6,55 6,85 7,75 9,19 10,63
2,99 3,17 14,75 9,11 8,36 12,29 8,16 8,89
13,5 6,58 10,21 4,86 8,48 11,95 4,45 7,22
11,95 14,63 10,57 14,2 11,0 9,67 13,81 4,87
13,98 2,86 10,59 13,76 11,53 14,95 11,2 6,66
7,18 14,75 10,37 5,72 3,85 0,55 8,63 7,53
5,32 1,93 7,83 10,12 14,46 1,46 5,41 6,62
7,25 5,82 5,13 13,21 11,92 4,06 10,67 5,96
12,55 4,26 9,02 3,45 3,0 3,31 13,47 6,78
8,97 11,59 11,38 0,16 7,5 2,58 12,04 1,66
8,06 3,96 0,93 0,36 10,64 6,74 5,99 14,73