93
6
8,68 12,17 2,68 7,81 9,43 7,31
7,15 10,39 13,51 13,32 5,17 7,69
9,22 1,76 11,37 3,46 4,7 14,71
9,98 11,45 7,88 13,8 12,13 4,46
1,03 12,6 14,1 2,79 9,58 11,12
10,22 8,66 9,66 13,32 1,75 3,25
2,73 3,17 6,19 4,25 4,47 6,47
6,03 0,81 12,97 10,36 0,08 11,03
0,36 8,97 12,13 3,14 2,2 5,45
9,99 6,48 10,82 4,31 14,88 3,38
7,93 6,0 5,76 8,4 9,18 8,72
12,89 5,54 0,94 12,34 9,56 0,98
3,86 10,17 0,52 14,27 7,6 9,5
12,01 1,23 7,0 12,31 9,52 8,05
2,28 11,84 8,52 1,53 11,07 0,17
14,97 2,43 10,02 13,1 2,44 14,71
1,24 4,43 7,75 9,64 13,51 7,98
12,36 10,15 6,96 14,86 1,33 5,59
2,05 6,49 0,56 11,01 6,53 9,36
10,25 3,79 2,81 5,9 0,05 3,91
8,73 7,98 1,89 12,65 8,14 11,22
13,01 10,92 4,91 7,92 13,32 7,03
7,89 5,56 11,13 10,62 5,7 9,55
6,09 0,52 3,92 14,87 2,0 14,11
11,78 13,33 5,58 1,35 14,18 14,05
8,28 8,04 0,3 13,74 8,64 12,26
11,95 9,42 10,64 2,79 3,19 6,95
4,98 1,89 2,16 13,47 4,91 7,29
13,98 3,2 6,45 14,64 7,48 9,13
10,91 6,46 9,07 8,01 5,42 11,62
3,85 12,29 7,48 9,17 4,03 4,59
13,12 5,18 12,39 7,26 14,95 14,23
11,66 2,61 13,88 14,61 2,18 9,24
0,54 10,15 1,66 13,08 4,78 8,03
5,07 7,24 12,9 4,64 14,47 0,22
14,35 6,28 3,39 2,16 7,31 12,4
6,94 12,9 9,69 5,91 11,17 11,57
1,5 13,74 3,3 14,12 10,3 0,25
0,15 5,62 7,89 10,39 5,15 2,9
10,96 7,42 10,84 4,31 8,93 2,48
6,25 8,15 11,26 8,66 9,0 5,45
0,58 5,28 6,05 6,92 0,24 2,98
2,24 0,24 4,02 10,02 1,01 4,74
13,36 8,6 9,45 2,87 3,71 6,58
8,52 1,44 4,15 5,44 1,47 5,74
10,29 10,82 11,95 8,4 9,48 5,95
8,6 10,19 6,81 4,78 2,71 8,92
2,94 8,91 6,5 14,94 12,9 7,87
0,71 2,24 11,02 13,67 4,05 14,23
14,58 11,12 7,13 6,02 2,38 6,69
7,33 5,29 11,9 12,68 12,08 11,75
0,45 0,25 13,73 7,86 6,51 6,62
11,91 14,32 12,73 10,21 13,75 12,64
10,67 14,43 13,03 8,49 14,04 14,1
8,55 5,68 7,21 7,52 13,08 2,4
8,64 7,56 8,79 10,39 10,7 5,34
9,08 3,63 7,0 1,8 14,69 13,71
0,94 1,53 10,0 1,08 8,11 12,92
4,39 11,81 5,84 8,09 4,69 2,62
9,47 8,31 6,75 14,82 8,64 7,57
13,32 1,93 0,46 2,83 13,12 8,08
6,44 8,28 3,35 3,14 0,5 3,36
12,05 8,32 5,28 10,56 1,94 4,3
4,72 3,55 5,43 9,95 2,66 8,53
12,94 9,13 1,37 4,93 3,48 6,08
12,49 7,46 11,58 9,42 1,22 4,36
0,38 13,24 7,51 1,27 2,17 8,53
5,58 3,66 13,4 12,6 1,52 13,01
6,85 1,34 7,72 11,28 7,47 10,91
12,14 8,8 9,05 13,32 9,35 9,55
9,49 12,89 2,55 2,42 6,04 0,97
7,62 5,11 11,37 7,11 2,71 1,15
3,97 10,49 0,62 5,5 1,03 2,95
6,47 0,1 13,36 0,21 11,05 14,52
8,49 6,31 2,36 10,95 2,82 0,31
7,59 4,98 9,47 8,45 6,52 0,54
10,99 11,92 11,09 5,97 2,36 7,74
5,46 4,48 7,66 9,07 12,13 2,93
14,3 7,36 3,25 14,77 9,23 10,38
7,95 7,82 12,1 2,88 0,13 6,11
14,45 13,68 7,91 0,67 13,6 12,66
6,82 1,53 6,95 6,95 8,6 8,43
5,37 8,9 3,49 5,5 1,25 12,88
11,17 5,38 0,09 12,87 10,45 0,81
11,36 5,96 9,65 4,11 9,64 4,37
9,52 14,11 13,15 3,48 9,85 10,76
3,62 6,53 11,78 11,68 6,55 12,15
14,16 6,31 5,21 9,09 9,82 11,72
4,28 6,06 9,28 12,05 2,71 10,83
10,85 3,15 6,52 9,06 12,63 13,75
12,74 6,73 13,48 4,2 11,03 1,76
1,45 9,4 13,99 4,27 3,64 7,84
5,89 10,99 10,01 10,74 1,61 5,14