54
9
8,12 4,59 2,53 10,2 14,51 8,14 13,02 2,45 2,79
4,54 9,49 10,69 7,8 9,04 10,9 9,67 1,26 14,78
7,19 8,99 5,64 4,82 2,57 7,35 12,37 5,77 2,15
5,76 9,58 13,39 5,16 0,51 8,09 11,07 10,95 10,56
6,18 2,5 1,25 4,84 8,27 4,18 6,96 0,74 5,89
9,3 0,94 10,37 7,03 4,52 12,27 6,71 3,35 7,06
6,56 1,37 7,26 5,46 10,6 1,01 7,05 10,8 5,81
13,59 10,37 6,61 13,36 5,61 13,57 4,81 14,13 13,76
10,65 9,52 13,15 14,62 14,09 2,5 12,08 10,78 7,24
14,86 5,63 10,79 6,04 1,38 5,82 3,21 10,83 4,74
3,6 12,06 5,34 2,06 4,4 4,59 13,18 3,83 8,6
2,73 10,88 6,67 1,91 4,41 2,14 4,66 0,36 4,6
14,73 3,37 3,01 1,66 13,62 5,63 9,0 0,46 12,24
14,7 3,36 10,82 7,02 6,18 10,06 7,05 3,68 14,48
1,79 11,72 2,29 1,43 8,83 4,81 1,5 3,85 2,55
6,58 14,4 14,81 12,73 10,91 12,96 3,38 1,49 3,54
6,01 3,44 9,56 7,35 9,49 0,52 4,05 9,48 3,5
10,02 10,62 13,06 9,9 2,31 0,47 1,71 5,31 8,37
11,31 12,7 9,31 9,88 12,51 9,4 13,84 9,75 2,72
14,47 4,59 8,67 5,7 13,48 2,71 8,1 7,35 4,11
4,45 9,16 8,39 12,42 6,53 1,11 1,15 13,2 0,36
13,02 2,42 1,97 6,65 14,44 14,53 7,68 4,61 9,88
13,35 13,92 10,99 13,21 0,27 7,96 4,19 1,52 1,25
0,68 2,5 9,18 0,09 14,65 9,75 12,14 0,07 6,57
7,41 3,15 13,86 7,57 10,15 0,56 13,43 10,72 7,99
3,16 11,42 7,25 7,25 13,8 5,69 13,44 8,11 13,69
6,29 7,68 9,19 11,06 11,63 6,75 14,62 1,8 1,73
10,1 13,91 1,54 4,81 7,76 2,77 0,98 9,5 5,43
0,76 10,13 2,28 0,91 0,49 14,7 9,13 13,41 11,93
7,7 3,7 0,42 3,04 6,27 6,98 9,75 9,34 4,68
2,92 9,27 6,17 7,75 2,42 8,5 1,47 0,84 5,31
7,0 7,65 11,21 8,52 1,71 5,28 6,26 7,6 0,21
0,23 6,99 12,63 13,93 1,88 10,5 5,99 5,92 13,99
13,03 2,15 11,8 14,21 4,18 4,15 2,25 0,13 2,27
10,01 0,53 6,57 2,7 5,6 10,62 6,63 2,87 6,41
10,62 12,45 0,17 7,62 2,55 1,96 11,5 10,6 10,88
11,99 13,31 7,98 10,79 3,08 14,03 4,55 6,69 1,97
14,4 12,7 11,39 4,5 0,73 13,76 5,99 9,34 12,05
10,45 9,62 10,23 4,68 9,07 7,76 1,28 4,15 14,42
14,87 13,57 9,27 9,31 2,78 7,05 13,81 13,72 4,8
14,86 7,25 8,61 6,41 7,88 2,59 2,84 8,76 5,1
6,17 12,07 10,48 2,89 7,15 13,35 10,17 13,25 12,63
4,68 1,51 5,2 6,99 10,7 11,07 9,81 14,84 10,96
12,43 11,5 2,17 1,17 8,23 6,31 6,62 14,32 1,15
9,72 10,93 8,65 11,48 0,49 9,36 6,09 11,98 12,72
14,71 6,56 7,84 3,51 0,09 14,6 3,94 9,8 14,41
0,2 12,43 5,27 14,06 14,21 13,69 14,08 5,87 4,13
1,91 6,12 4,66 12,48 0,53 7,43 9,94 3,69 1,37
11,1 11,41 13,89 11,62 13,51 2,44 7,43 8,25 5,6
5,28 14,83 11,4 9,22 8,26 5,45 9,09 5,39 2,35
14,05 4,37 13,18 13,8 10,93 7,49 14,26 11,45 8,78
9,44 9,17 2,35 14,76 5,52 8,92 1,18 6,83 12,42
2,95 7,42 10,77 13,89 5,79 0,61 2,16 1,48 8,21
4,79 6,87 10,56 13,03 10,69 1,31 0,11 12,12 6,33