170
3
0,41 5,92 2,47
2,92 5,57 1,25
5,4 12,65 9,07
0,14 4,54 13,6
13,42 10,64 7,33
6,4 3,3 11,35
10,45 12,67 9,45
14,8 9,04 14,86
3,94 9,21 14,68
12,89 8,46 0,65
2,02 6,86 11,03
14,25 13,97 14,96
8,09 6,35 9,9
3,56 3,04 14,07
11,17 10,83 1,95
2,66 9,3 0,17
9,12 2,26 7,16
7,15 5,26 9,89
13,56 11,64 6,89
12,46 1,47 8,96
10,69 0,39 13,68
6,28 12,59 12,97
6,01 11,25 10,28
2,83 5,49 14,64
12,23 10,23 13,15
7,13 4,78 4,54
14,83 12,49 12,11
5,14 11,19 5,55
8,95 0,36 5,42
0,59 4,96 11,95
13,04 13,58 2,8
3,28 4,33 0,53
3,04 14,05 13,43
10,16 11,69 1,76
11,63 8,01 9,14
8,72 3,61 3,14
4,96 2,66 5,31
14,88 11,81 1,37
10,32 8,87 11,51
9,4 1,97 9,23
13,72 9,57 5,33
10,73 0,51 1,99
13,62 6,53 12,39
7,77 0,21 3,17
9,86 5,42 1,9
4,86 1,76 0,98
5,96 7,28 7,81
10,4 13,23 8,56
2,13 13,11 0,96
12,5 2,11 8,93
6,65 0,45 4,4
7,72 5,54 3,07
5,7 3,59 4,9
8,37 3,93 3,53
10,78 14,8 7,38
14,77 4,25 14,02
13,97 3,37 3,55
3,12 4,53 4,23
2,11 10,96 9,95
12,76 2,24 1,35
5,02 1,84 13,95
2,1 12,21 6,1
1,42 6,86 1,28
0,81 12,58 7,41
4,85 1,02 10,1
8,04 3,28 14,49
7,67 8,09 12,0
10,32 4,58 1,23
8,96 12,26 12,93
9,53 14,82 3,86
5,52 1,43 9,12
11,92 10,42 8,22
9,0 12,35 1,3
13,01 13,5 14,2
1,44 12,67 1,75
9,29 3,83 11,84
13,6 4,57 5,58
11,55 11,26 3,18
8,03 10,03 1,95
4,99 4,89 12,74
12,3 14,6 0,53
9,53 3,5 1,65
0,24 11,95 0,19
3,89 10,85 8,67
10,38 11,88 11,72
0,12 1,71 14,93
3,88 14,38 5,41
8,57 0,33 9,16
8,62 3,32 2,94
10,39 8,63 0,12
6,54 8,78 12,05
12,54 0,67 12,62
12,21 9,96 2,21
3,62 1,98 3,64
2,52 11,62 11,64
9,28 10,14 4,9
3,06 2,66 7,32
4,56 9,61 4,16
3,57 13,7 3,66
3,43 8,6 10,36
2,18 2,55 12,05
12,01 14,64 11,42
8,62 8,15 10,13
4,9 12,17 10,25
2,91 14,31 9,43
6,74 0,62 9,96
14,02 8,44 10,18
13,65 1,6 0,76
13,9 12,75 14,17
8,09 5,82 10,42
7,99 12,58 10,01
4,08 5,87 6,45
6,88 5,2 11,13
1,93 13,76 4,46
1,19 4,11 9,34
10,37 2,0 2,63
5,91 1,82 6,75
3,53 8,68 4,75
1,23 0,22 5,59
13,68 13,39 14,43
2,34 5,47 14,23
9,22 13,28 10,27
12,32 11,65 9,79
13,51 14,51 11,54
12,69 9,07 13,23
0,31 13,39 11,07
4,92 14,9 7,96
10,12 11,23 14,43
6,8 10,5 10,34
8,1 4,46 10,94
7,38 8,07 11,55
5,07 0,79 5,13
10,8 0,99 11,87
3,72 8,17 9,16
6,02 1,19 13,98
0,45 13,44 0,52
5,9 7,76 9,01
13,03 11,14 11,63
4,95 10,12 0,11
13,64 14,97 9,75
10,21 9,9 8,66
3,68 5,54 10,9
1,98 8,01 6,52
14,39 9,87 12,03
10,83 12,75 0,12
3,84 10,98 12,14
12,49 4,75 12,74
10,85 12,83 6,33
10,84 8,32 10,54
12,12 3,34 12,4
6,83 1,15 2,9
3,07 2,75 13,94
5,15 4,23 8,99
0,39 5,75 5,24
14,94 3,08 4,93
7,9 9,57 13,33
7,79 1,79 3,14
3,75 13,06 4,11
13,55 7,1 9,96
3,06 0,05 8,98
4,11 7,73 7,21
6,89 2,45 7,46
14,96 1,87 7,41
2,72 7,13 0,72
14,92 11,01 7,7
0,14 12,21 14,51
12,77 14,14 3,49
11,53 11,03 5,6
3,45 2,24 0,13
2,77 1,73 2,2