33
9
4,82 4,2 13,69 1,3 1,56 10,29 4,85 9,57 6,18
0,91 6,97 3,23 7,01 6,28 0,62 5,41 8,76 1,07
8,73 2,82 9,2 2,95 4,92 2,47 2,1 0,54 12,82
11,18 12,82 3,31 11,07 9,23 2,43 13,06 11,73 4,72
5,43 2,1 8,55 5,9 12,03 12,93 3,89 14,46 7,47
2,94 3,21 8,05 0,36 2,98 13,24 7,21 6,4 3,59
8,66 4,32 3,86 7,74 12,19 3,41 5,22 0,91 10,97
8,63 5,59 6,71 10,37 13,02 11,58 8,3 5,59 14,69
9,32 2,33 5,2 10,22 8,8 5,74 8,0 14,13 12,07
2,68 9,76 8,11 7,82 6,39 9,16 13,86 4,05 11,5
5,01 3,64 1,04 10,04 3,29 6,15 6,73 7,83 11,66
3,66 1,45 4,26 1,29 8,37 4,33 6,73 6,32 11,19
3,07 13,05 8,31 7,67 0,24 0,83 7,42 2,39 0,9
11,32 2,4 6,95 1,06 3,52 0,91 11,33 4,91 3,48
7,71 5,62 0,03 12,19 2,02 6,42 4,2 12,02 7,52
3,35 10,58 2,86 3,99 4,52 14,38 4,7 10,8 12,16
5,05 9,57 10,08 9,34 0,72 6,11 11,53 9,11 1,07
4,23 14,44 9,16 14,31 3,95 2,37 11,8 14,46 12,63
13,9 6,58 9,58 0,83 5,89 8,78 4,54 9,9 0,89
1,31 4,66 3,25 5,19 9,62 6,75 14,36 14,69 13,76
5,62 10,67 3,38 13,37 12,47 11,06 11,51 7,61 2,43
14,15 7,5 11,0 1,08 6,19 11,27 3,18 3,34 2,41
12,98 2,65 7,16 7,01 0,71 13,58 11,11 10,74 11,67
11,8 7,42 4,45 7,17 4,62 11,54 1,93 5,59 6,13
0,48 3,24 11,39 6,51 8,24 8,84 10,48 8,11 2,99
7,02 7,58 2,49 1,79 9,59 9,39 14,06 0,44 13,34
3,88 12,49 0,52 3,74 13,16 8,38 4,19 10,96 3,76
2,59 0,37 4,04 4,1 10,84 12,29 3,4 9,02 8,79
14,89 4,47 4,71 13,72 9,68 10,74 1,99 3,47 12,74
4,81 12,42 1,54 1,97 3,73 8,27 11,34 10,67 14,1
6,28 14,56 4,51 5,96 12,4 11,81 11,59 1,63 3,25
10,88 12,81 4,62 7,77 8,56 9,65 8,99 0,42 6,19
0,41 3,06 14,14 13,03 12,57 1,76 9,6 11,91 12,15