160
2
7,04 6,69
4,89 8,32
6,75 7,13
10,08 10,77
4,18 1,22
4,59 9,48
7,78 7,8
11,64 13,69
4,84 14,93
11,22 3,18
0,09 10,41
6,42 7,59
7,63 3,31
10,05 2,3
5,26 13,01
13,08 6,26
10,45 12,28
8,39 2,4
7,86 1,93
11,77 7,16
4,42 9,09
0,55 9,03
0,62 6,34
3,71 5,71
11,6 7,83
6,34 4,83
14,51 12,58
10,77 10,47
5,78 12,52
13,22 9,01
12,97 11,88
4,54 1,69
4,97 7,99
14,32 5,86
8,09 14,49
11,65 9,19
3,95 2,76
10,68 11,51
9,26 3,9
9,48 9,23
14,78 0,71
1,77 13,26
2,46 8,97
13,93 10,93
1,28 14,21
2,92 8,56
5,43 12,42
13,12 8,86
0,75 12,27
2,02 2,07
7,37 3,8
4,66 2,98
12,64 0,26
9,88 11,7
4,8 8,18
11,64 8,95
12,4 4,85
11,63 7,22
7,26 13,07
4,5 8,05
11,86 12,89
12,06 4,92
8,14 2,13
9,13 4,65
7,64 11,48
3,43 5,87
12,65 13,61
3,34 10,22
5,0 5,3
8,95 5,93
13,06 10,98
1,44 4,82
4,46 10,1
3,99 1,31
13,1 7,34
11,62 13,52
2,63 10,39
0,01 12,99
9,68 6,36
8,03 10,94
1,93 8,25
2,16 6,36
1,63 5,85
10,13 8,69
5,98 8,24
9,64 7,9
9,68 2,38
6,17 0,19
4,71 13,35
5,0 5,64
13,53 6,07
10,75 10,44
10,11 5,52
2,62 0,42
5,32 4,69
13,3 6,06
1,61 10,39
9,37 14,0
6,49 8,59
4,27 10,32
14,13 2,89
12,8 1,16
11,87 10,02
13,59 4,56
2,36 9,14
6,83 6,29
5,3 10,82
9,94 5,1
5,19 12,48
14,26 9,24
5,38 1,38
9,94 10,76
14,45 1,53
2,6 0,42
7,76 6,63
13,37 8,29
13,64 5,84
7,79 8,34
8,1 6,64
8,85 3,24
6,42 10,63
11,87 2,63
8,52 10,72
8,47 7,59
12,97 10,86
10,84 10,75
4,34 3,42
2,89 3,57
0,25 1,71
3,0 9,81
13,03 3,45
9,06 9,27
14,13 6,11
5,98 9,63
5,38 11,83
13,65 12,93
4,43 8,72
2,61 9,07
7,5 10,03
0,21 3,97
5,52 3,19
4,66 7,69
13,6 3,22
13,38 11,33
13,7 10,73
6,87 8,18
13,32 8,97
4,47 4,33
1,64 3,84
2,39 9,06
11,11 4,52
9,83 4,72
8,59 8,75
9,03 0,61
8,19 1,44
2,01 12,41
7,46 9,44
4,49 0,98
7,41 1,71
1,74 9,22