114
5
12,64 9,47 6,34 12,34 14,97
13,69 4,09 0,76 14,09 8,03
0,92 12,79 3,53 5,76 10,92
5,12 13,97 8,27 5,69 7,31
0,16 13,73 7,59 7,2 11,42
8,8 14,03 1,99 10,2 13,0
14,83 1,16 8,01 3,24 11,5
10,06 7,68 10,78 10,74 12,48
13,46 2,81 12,14 11,9 8,49
6,61 5,76 0,21 6,03 12,6
2,98 13,33 8,93 13,98 8,32
7,74 8,54 0,1 2,82 6,24
11,26 12,29 0,52 10,93 2,31
13,56 13,45 13,79 3,37 8,51
13,57 12,16 6,81 7,77 7,36
1,5 2,04 0,81 6,62 8,2
5,26 7,39 12,98 11,24 5,6
9,81 3,46 0,87 11,04 3,72
0,57 0,79 7,14 12,94 12,24
10,76 10,55 2,54 11,41 0,43
3,61 9,79 7,04 14,71 2,29
1,67 4,25 1,88 7,54 13,46
8,17 5,68 7,09 13,45 7,13
7,27 5,68 1,54 4,13 11,62
12,75 0,88 14,04 3,45 7,55
12,26 1,29 12,82 7,51 8,32
5,68 12,56 5,87 12,67 1,73
5,79 2,49 8,41 12,1 14,96
0,35 5,51 10,29 9,68 1,99
1,16 13,4 12,72 4,78 3,26
3,95 13,48 12,44 11,6 3,33
2,38 5,06 7,24 7,34 1,28
10,6 3,11 4,6 13,52 13,71
4,02 12,67 9,54 6,34 3,74
12,47 8,3 14,01 12,77 5,3
13,93 2,52 8,26 10,34 10,45
14,81 14,09 4,23 12,45 2,79
6,2 13,31 8,43 10,01 6,91
2,61 2,71 14,46 7,11 0,08
3,4 0,37 0,44 7,02 10,75
8,98 9,74 4,03 10,84 1,69
14,7 13,52 8,75 6,88 2,97
7,75 2,42 9,74 0,4 1,79
13,93 11,16 11,74 5,58 8,18
8,94 0,99 13,97 13,13 6,84
8,29 3,6 2,8 4,97 8,67
5,05 10,14 2,07 11,93 5,99
5,95 10,97 0,57 8,09 0,39
11,3 1,89 2,88 9,84 10,9
10,82 4,21 1,99 2,44 9,25
2,5 1,61 0,99 11,58 11,12
6,97 10,93 14,17 2,71 3,77
7,33 10,32 12,35 10,3 8,66
1,56 9,6 13,44 5,65 3,82
13,56 0,09 12,12 11,6 7,58
14,82 8,03 14,61 2,08 2,09
1,39 10,38 9,41 4,61 7,92
12,34 11,08 14,09 6,05 2,56
11,76 10,13 12,66 7,43 4,74
7,45 14,82 4,47 14,37 13,07
4,52 14,8 7,21 10,93 10,63
2,1 6,76 6,99 12,72 5,17
4,95 0,77 6,04 14,53 1,31
6,09 13,25 11,09 10,98 2,25
4,7 6,94 6,56 11,86 5,59
6,54 5,22 7,71 0,11 9,3
6,51 2,95 13,93 7,6 2,08
5,08 4,61 2,56 14,4 4,37
0,28 2,65 8,83 4,68 1,53
3,18 12,81 13,84 1,55 9,33
1,79 3,3 9,82 1,29 0,38
0,68 11,95 11,25 9,39 14,4
12,34 3,49 10,77 2,66 0,04
3,41 7,44 2,0 3,33 4,28
13,75 13,79 4,18 0,49 14,97
6,5 8,76 7,61 9,5 13,5
9,95 11,99 8,91 2,2 8,56
14,92 9,59 3,89 7,52 6,62
8,44 12,71 13,18 1,75 0,93
13,63 6,41 9,18 1,61 14,32
13,81 8,61 2,27 4,62 7,06
5,01 10,55 8,91 8,46 2,06
7,58 13,45 1,76 12,26 13,2
5,84 4,16 14,35 1,07 14,32
11,22 3,14 5,2 7,4 12,24
2,81 12,42 7,37 13,92 6,42
7,62 9,08 11,44 5,64 7,18
9,27 7,53 5,56 11,0 12,86
4,55 3,6 2,54 10,02 2,23
6,49 10,05 12,07 9,92 10,76
3,39 12,77 6,47 0,32 14,33
5,55 14,93 14,43 7,26 1,81
13,25 12,63 6,92 1,64 13,02
11,17 0,95 13,49 13,12 11,47
0,52 9,85 8,0 8,0 6,55
0,94 0,33 6,36 12,92 2,44
7,88 2,61 11,56 0,54 2,85
14,22 7,39 7,84 0,54 6,26
4,52 0,43 0,79 6,04 1,94
12,76 13,13 5,33 9,28 3,14
9,43 5,82 0,77 0,23 6,82
7,85 6,4 12,44 4,47 8,05
9,07 14,21 4,61 9,58 14,84
14,36 8,72 14,68 8,12 8,43
13,07 4,93 13,99 6,89 9,56
1,78 8,93 14,39 11,14 4,35
10,2 7,59 13,83 12,9 5,6
7,49 1,24 2,65 0,06 11,02
13,37 2,3 9,99 8,58 0,83
2,87 12,19 1,67 5,6 6,42
5,29 12,85 8,33 2,09 13,01
0,06 3,28 8,22 8,98 3,75
4,99 11,64 8,77 10,97 8,78
2,91 8,93 7,36 6,88 0,94