138
6
8,34 13,06 5,97 14,28 5,43 1,51
7,74 14,93 12,56 10,59 2,41 14,05
8,96 8,89 9,16 1,48 4,11 0,76
5,63 7,69 9,13 9,7 5,81 4,41
4,65 12,84 13,82 11,63 14,37 3,37
5,7 4,93 14,05 11,34 2,64 2,63
12,91 14,54 14,28 10,46 6,75 0,68
2,83 0,54 14,28 11,69 13,74 0,23
4,34 9,5 0,97 11,47 2,94 7,82
1,86 4,01 0,51 0,3 11,49 7,73
1,69 6,82 13,85 1,51 1,13 1,61
10,46 8,31 5,54 8,12 9,46 2,65
4,63 7,62 12,52 7,95 10,35 12,25
9,72 0,47 5,08 13,76 13,73 12,82
4,43 0,43 6,15 3,69 10,22 10,09
4,39 4,88 12,0 9,33 11,32 13,68
0,09 9,84 14,82 9,67 12,93 0,99
1,21 0,19 2,2 6,65 11,49 4,67
1,8 3,6 4,66 2,94 7,92 0,23
13,75 5,3 13,37 9,07 2,13 11,9
4,73 9,09 8,32 0,67 9,35 2,67
6,34 0,41 9,03 12,97 7,94 9,27
4,35 5,2 5,04 11,39 7,17 9,03
9,29 12,87 5,63 13,13 9,34 6,43
2,68 13,32 10,48 3,17 2,66 3,6
7,15 13,62 7,07 9,17 11,0 5,73
12,47 10,6 11,67 11,01 6,25 13,73
10,59 0,42 11,66 14,27 5,57 11,23
14,5 0,95 1,81 8,08 10,24 9,22
0,22 13,32 8,41 6,19 7,54 5,28
4,57 14,94 11,5 0,05 11,57 7,34
6,28 12,22 11,38 4,05 8,45 6,08
2,55 12,94 9,39 7,82 1,77 14,97
4,14 3,88 13,84 11,67 2,39 12,89
13,24 2,24 0,98 11,82 0,17 5,22
8,57 6,65 4,32 3,48 12,26 0,93
10,79 12,68 14,57 10,32 7,26 12,9
3,24 7,29 5,25 10,84 11,24 11,43
0,11 8,5 8,66 11,08 4,19 8,99
9,57 11,53 12,84 13,28 2,29 6,47
14,71 2,03 13,26 2,82 10,78 9,64
0,08 5,03 10,04 12,28 6,03 2,37
12,23 13,28 10,61 5,94 7,2 0,05
2,48 4,04 13,12 7,41 14,65 9,61
13,01 11,96 6,77 4,24 9,3 14,59
11,11 10,25 0,37 6,85 4,23 3,36
13,99 11,94 10,25 12,85 8,42 11,84
6,79 3,21 2,2 12,52 8,12 6,7
10,96 5,4 14,8 6,54 10,6 5,48
10,16 9,76 4,58 10,9 0,06 9,42
2,35 6,72 11,94 7,52 12,35 13,56
2,73 14,07 9,06 12,55 12,2 6,36
5,63 3,74 12,55 14,59 8,8 11,42
12,11 11,75 1,66 11,58 1,85 10,07
6,75 0,52 13,6 0,41 8,92 5,06
6,39 4,35 6,52 8,42 10,99 14,36
7,75 2,07 13,06 9,99 11,69 6,76
6,6 9,56 10,68 12,47 6,88 9,41
11,81 4,56 3,0 2,71 12,71 14,79
12,91 10,58 7,43 2,63 2,66 5,27
0,77 9,86 5,36 4,72 3,06 9,48
1,93 12,92 3,94 0,7 3,08 6,47
1,46 3,7 1,27 12,43 9,89 3,65
7,08 8,15 10,68 14,03 11,78 3,96
2,26 1,59 2,92 6,83 8,6 7,67
8,46 12,19 2,33 4,02 4,94 13,14
9,88 8,53 13,98 10,68 4,81 6,59
12,61 4,12 8,19 0,31 11,67 9,2
5,12 0,65 2,17 5,82 0,93 6,19
14,88 6,88 9,95 9,08 4,74 7,54
9,45 1,98 5,31 14,59 3,46 13,74
3,5 0,32 13,01 3,22 8,57 5,2
10,35 14,35 0,89 7,9 6,85 8,04
6,83 6,79 11,52 7,56 11,81 4,86
5,92 3,05 8,86 8,84 5,05 13,31
14,69 8,71 3,04 3,86 2,03 13,16
8,73 9,87 3,25 7,33 1,19 13,71
6,47 14,8 8,07 6,65 7,81 7,76
5,12 2,86 6,84 13,25 9,09 8,98
13,39 10,5 4,86 1,21 3,72 0,02
0,99 7,75 0,05 5,26 7,54 12,87
9,6 6,55 13,17 1,95 2,11 3,12
5,38 4,68 2,19 3,29 8,21 1,24
6,26 1,73 4,42 1,32 10,36 3,01
3,73 10,42 1,45 5,7 9,14 10,41
4,22 12,54 0,9 7,84 10,98 10,99
11,57 13,35 9,93 1,38 8,57 14,53
9,66 5,29 4,17 5,42 1,48 8,32
12,33 7,86 13,37 10,35 13,54 6,62
14,2 7,37 10,92 10,45 14,97 14,87
12,5 3,84 10,28 12,17 14,39 8,05
5,49 14,03 13,8 10,79 5,2 0,42
8,27 9,61 9,76 14,24 11,35 6,6
1,24 4,22 10,69 4,73 11,99 0,31
2,85 8,54 9,74 7,99 2,19 8,39
12,81 2,82 3,99 7,88 6,23 10,89
11,38 9,31 12,44 2,27 6,32 6,24
9,03 10,54 1,35 0,71 14,74 2,64
10,34 3,04 5,05 4,04 7,86 11,59
12,24 5,16 14,03 14,26 8,86 12,86
13,79 13,5 13,69 4,31 1,75 11,73
5,16 13,45 9,98 13,2 12,25 12,27
3,42 14,83 11,94 9,85 11,55 8,77
13,86 0,23 12,59 9,1 0,54 5,74
10,6 12,13 10,69 6,02 7,69 14,02
13,79 5,53 4,13 14,54 12,78 0,65
12,28 0,79 11,89 8,11 10,12 4,71
1,99 0,88 3,66 12,13 5,6 4,67
7,06 3,8 3,4 2,0 11,21 13,2
9,94 9,38 9,42 1,95 11,93 6,98
2,38 13,36 4,1 5,88 8,06 10,44
0,09 14,97 9,48 4,84 11,11 12,88
11,27 3,82 3,36 3,65 0,68 5,46
12,77 1,49 0,66 4,03 7,5 6,69
4,41 10,54 4,44 11,17 1,36 7,75
14,14 10,17 9,88 12,25 10,42 1,64
9,61 7,47 4,47 8,34 1,97 2,47
5,51 4,16 3,51 3,97 11,76 2,3
9,44 13,32 5,89 14,22 2,71 1,96
12,05 9,79 8,26 14,3 5,18 5,78
1,8 7,8 4,08 2,34 10,81 4,21
4,78 0,17 6,54 4,87 0,79 7,92
11,51 3,67 7,92 4,58 12,52 8,92
9,08 13,19 0,07 12,85 7,39 5,19
5,82 0,38 4,33 9,57 4,27 1,7
5,46 5,08 9,21 6,26 11,39 9,0
7,89 0,48 11,79 7,27 1,04 6,84
14,06 10,23 14,23 14,02 6,13 3,68
6,67 10,28 6,01 12,04 9,72 0,15
9,97 12,74 9,73 6,05 0,82 1,21
5,75 11,13 13,84 5,31 10,59 13,97
12,3 0,09 9,09 4,14 9,2 10,93
0,21 7,42 12,0 0,85 7,36 2,71
9,29 0,36 0,72 0,43 13,85 14,31
12,52 8,84 0,75 0,42 8,73 0,42
3,3 10,8 8,07 12,83 5,31 5,96
7,06 6,48 10,72 8,64 8,28 6,82
10,49 12,04 6,26 5,98 8,08 5,76