193
5
7,83 14,78 13,71 13,47 9,74
11,49 13,78 12,92 8,71 8,59
9,47 1,28 2,73 5,66 6,53
9,3 14,17 3,76 10,44 9,04
9,82 7,26 4,2 11,55 3,04
7,44 6,95 6,73 4,09 1,15
1,7 12,24 3,02 12,33 11,3
14,66 5,73 5,27 2,08 11,04
10,54 0,6 4,04 6,76 13,27
0,02 2,34 0,86 6,49 11,05
9,54 7,59 5,89 9,62 3,46
11,85 13,66 4,01 3,4 12,73
9,93 4,1 9,18 13,54 9,67
8,77 3,32 10,76 2,47 8,35
8,74 11,55 2,44 3,08 5,49
6,96 11,0 4,55 0,91 14,36
1,21 13,33 0,39 12,46 4,9
8,86 4,99 2,63 13,21 14,22
3,94 2,51 14,14 8,27 0,19
3,4 9,39 2,06 4,09 12,09
5,4 5,63 4,22 12,99 13,83
3,53 4,36 11,55 12,93 3,67
5,9 13,51 5,03 14,42 2,32
10,96 10,76 6,05 5,5 10,51
12,64 13,49 7,66 7,02 10,82
11,24 4,15 6,78 3,72 4,78
0,11 8,05 3,6 3,56 5,13
13,2 0,78 8,77 3,69 13,91
9,04 4,02 2,66 14,37 14,27
5,98 10,17 5,0 3,94 8,15
12,08 13,32 11,98 2,38 5,2
12,5 11,01 10,06 10,14 3,99
13,02 14,93 0,98 1,24 0,74
13,49 8,24 11,79 11,71 2,56
10,17 12,53 0,77 10,79 12,33
6,0 14,67 3,87 7,79 5,17
2,49 6,82 10,0 1,86 2,69
1,15 13,83 10,88 3,82 6,86
9,25 7,1 14,21 3,13 3,65
10,05 9,55 2,05 2,28 5,75
4,75 8,14 11,76 5,37 1,33
6,25 10,13 11,0 10,62 7,44
0,29 1,8 12,81 8,43 1,57
12,51 1,81 13,85 6,98 1,88
9,27 13,14 12,29 3,94 8,05
2,32 9,47 11,75 7,64 8,91
1,5 8,16 2,73 4,38 14,56
13,72 1,98 11,2 10,58 7,39
2,21 10,81 7,7 7,93 0,97
5,63 5,31 1,02 7,46 11,88
0,16 10,47 11,23 3,52 0,46
11,24 3,55 13,45 10,28 3,18
13,01 7,42 6,76 5,95 3,88
10,12 2,34 2,37 12,0 9,3
9,83 4,99 6,57 13,01 13,03
8,51 5,05 12,61 1,37 12,5
14,98 2,62 14,01 13,19 12,32
11,1 6,65 11,24 12,99 3,97
1,4 14,94 6,92 11,0 3,68
0,2 9,82 14,2 5,59 2,98
10,75 9,55 13,09 10,69 6,58
4,41 9,59 12,98 12,64 6,26
14,13 2,77 8,19 12,06 6,1
5,76 6,35 3,34 2,64 9,48
3,85 1,24 13,16 11,0 9,9
4,08 5,93 13,63 1,64 9,78
11,2 10,79 7,44 9,16 13,97
11,27 8,72 10,0 4,83 6,07
6,35 7,36 9,94 13,34 7,89
0,13 1,53 1,59 7,34 12,82
3,03 0,87 11,13 7,37 10,3
10,75 1,66 6,71 11,45 2,29
11,6 13,26 3,55 5,69 0,13
1,83 10,55 14,69 12,03 10,87
1,34 4,22 13,69 9,23 9,08
7,29 4,4 12,55 0,09 1,72
5,65 14,96 14,32 4,62 8,26
6,54 2,27 0,63 6,84 10,82
11,73 0,85 8,58 2,07 0,56
6,11 7,27 3,45 7,71 5,12
6,67 10,59 0,85 3,24 14,33
9,6 5,76 2,82 1,71 11,86
0,51 6,73 13,62 1,53 11,03
8,02 5,37 2,35 10,82 12,68
0,91 3,86 7,61 6,83 14,06
10,66 14,97 5,21 4,67 6,99
14,89 14,72 11,01 6,8 8,44
10,05 9,54 13,58 10,31 0,52
8,09 12,43 3,96 5,55 6,28
4,05 11,73 12,81 5,92 7,42
6,34 9,46 1,88 5,36 1,81
2,75 4,11 6,7 7,03 7,74
1,7 9,34 1,79 4,83 2,12
5,72 6,26 0,05 5,12 3,87
9,0 10,83 2,25 8,36 14,53
13,11 9,0 9,67 13,44 14,04
14,61 3,1 2,16 3,14 0,82
13,2 0,72 2,29 10,88 3,05
4,12 1,58 3,08 8,01 4,13
8,37 7,8 13,91 1,25 4,77
7,38 11,12 4,24 3,25 13,5
14,92 7,58 7,71 10,54 10,77
5,81 3,64 0,51 4,68 1,53
5,58 10,99 9,95 3,84 6,06
0,66 5,58 7,34 14,28 8,27
1,2 8,36 2,21 12,69 10,8
2,48 6,69 9,51 2,21 6,68
1,93 5,96 12,24 7,7 8,11
11,25 5,15 2,6 9,9 2,05
10,34 11,23 9,1 6,91 2,1
3,23 4,67 7,5 6,06 13,36
6,64 7,68 0,64 2,74 7,49
4,47 0,74 10,01 12,66 2,37
8,76 1,79 2,26 8,55 2,0
2,34 0,1 9,29 2,8 4,14
9,46 13,66 5,11 9,58 10,51
4,31 4,56 3,87 3,11 9,11
5,6 1,54 8,3 6,54 10,85
2,92 12,07 2,89 9,32 2,33
4,43 14,71 0,4 4,42 5,4
14,93 7,83 6,6 1,64 3,85
0,31 7,69 9,87 0,32 0,79
1,31 10,16 14,24 0,19 14,19
7,1 10,52 10,65 8,78 7,12
10,07 3,08 11,41 8,78 14,52
8,99 14,41 1,02 11,93 11,0
2,68 13,49 12,97 0,21 7,34
0,05 2,59 13,0 4,55 12,17
12,95 5,97 3,2 9,78 1,69
2,63 3,16 8,59 5,53 1,34
0,22 13,26 11,47 6,67 2,28
11,25 10,81 12,01 7,76 6,95
7,81 4,56 3,98 9,48 8,7
3,12 0,98 8,86 2,25 9,89
2,17 7,83 3,99 12,39 3,8
5,75 3,87 14,46 14,51 2,53
8,49 14,83 13,71 14,08 3,06
8,21 4,4 7,07 13,41 10,46
8,72 10,73 7,46 9,0 11,74
4,35 10,11 5,52 0,43 4,97
1,9 8,92 2,78 6,95 5,43
3,15 1,76 4,23 3,51 13,03
13,88 8,74 6,31 13,83 6,66
8,22 10,69 11,62 14,57 1,53
3,98 14,75 7,53 1,69 12,67
6,5 13,88 10,81 10,79 7,78
2,49 9,66 11,92 4,33 4,9
14,19 13,82 3,36 0,09 1,78
11,34 2,93 4,65 4,08 5,69
10,34 8,41 10,73 7,88 1,83
8,57 11,7 1,31 14,94 14,92
3,04 13,21 2,87 10,32 0,31
12,07 8,81 6,85 8,78 2,65
7,0 9,82 13,88 10,6 7,33
11,12 11,61 9,9 7,07 8,6
9,84 2,49 14,41 2,17 6,21
8,98 10,45 9,02 4,01 9,99
5,17 0,54 3,26 9,98 6,22
3,16 3,68 1,97 11,99 8,97
7,18 4,88 8,36 4,75 9,35
6,97 6,53 10,46 8,59 5,91
14,57 11,85 6,28 12,05 11,79
2,54 0,31 12,15 13,82 0,14
2,19 10,24 0,93 5,12 10,22
1,38 4,28 13,53 1,75 0,7
9,12 4,66 2,22 14,18 3,61
8,35 1,79 0,0 3,63 0,62
11,81 7,1 8,26 9,4 9,15
10,5 0,23 7,96 1,32 1,55
1,38 6,65 0,71 13,44 7,31
8,02 5,93 10,73 11,83 2,1
12,57 8,66 8,27 0,82 6,13
6,63 3,69 8,7 11,63 14,48
14,43 14,26 3,07 8,19 6,05
3,76 14,34 2,57 9,15 3,02
1,93 12,55 3,59 10,89 4,76
2,04 12,37 4,89 3,7 12,39
11,85 8,54 14,3 13,9 4,77
8,38 13,16 8,6 12,92 12,1
6,47 9,39 0,71 14,33 12,14
3,75 14,95 1,85 12,13 12,34
13,66 13,9 6,89 1,31 11,72
1,78 0,45 7,66 8,38 11,43
13,55 12,56 2,73 6,21 10,72
10,05 12,5 8,93 13,1 6,39
3,62 4,83 0,51 2,74 1,92
10,66 7,22 11,4 6,26 8,77
8,91 5,57 10,79 13,69 14,21
11,6 5,11 5,78 8,39 5,43
14,59 4,96 5,13 12,05 1,09
9,32 8,34 4,48 11,89 12,43
5,34 2,87 0,98 3,22 5,36
4,87 5,36 10,41 10,99 0,44