58
2
4,41 12,88
10,04 5,08
3,11 2,24
2,54 2,29
0,34 13,28
13,26 7,9
14,3 12,42
12,0 4,24
12,04 2,63
10,52 12,1
1,63 1,75
1,14 1,08
8,53 0,39
10,92 8,77
8,02 8,63
10,64 13,21
7,99 7,58
13,83 3,96
14,26 11,41
8,39 13,28
12,61 6,85
8,61 3,79
7,85 1,96
5,2 3,68
5,76 8,55
14,83 2,72
5,78 3,81
12,85 0,67
8,49 2,24
7,66 2,89
4,16 13,47
13,03 9,13
13,94 8,97
5,66 11,93
2,12 11,83
13,67 5,73
9,09 6,92
5,26 12,5
7,71 10,26
9,03 13,83
13,22 2,94
7,18 1,65
0,52 13,54
9,54 4,81
12,47 12,55
9,32 1,01
1,6 6,52
0,51 12,63
11,81 13,56
13,31 8,42
9,13 14,48
2,57 13,43
3,99 6,33
1,54 12,74
11,74 11,77
12,03 11,45
8,14 7,94
10,55 11,29