184
3
6,45 7,56 12,89
7,33 1,86 10,71
6,18 4,25 13,91
2,86 6,71 6,41
1,54 2,71 14,52
4,28 2,5 10,83
11,53 8,52 12,77
8,67 3,82 2,16
0,9 5,07 9,06
6,47 6,81 13,65
7,46 8,27 13,93
9,0 2,03 6,27
1,21 10,99 3,77
8,61 14,13 0,2
0,95 13,19 12,51
4,11 10,54 8,69
5,78 9,02 9,96
5,64 3,31 3,55
2,8 1,0 12,36
4,94 12,6 14,73
11,52 12,61 11,86
3,38 8,28 14,68
10,48 1,26 2,37
6,08 11,5 0,59
13,18 9,03 12,38
7,64 12,71 0,69
4,84 10,95 8,21
10,4 13,2 12,25
11,67 1,52 12,13
1,0 6,03 10,3
1,95 12,67 9,48
11,34 13,96 10,74
12,47 3,21 3,06
14,26 3,43 5,69
9,11 12,6 11,98
0,71 6,95 10,69
6,03 12,95 1,88
13,35 6,2 2,66
10,92 5,56 0,35
13,11 2,15 2,93
1,72 0,91 12,31
3,1 6,34 12,45
3,53 12,02 13,64
6,32 13,51 9,36
7,82 0,11 11,54
4,53 0,61 5,43
2,72 2,76 6,84
12,57 14,53 6,99
8,44 9,12 10,53
4,92 14,36 11,14
0,69 1,49 10,53
7,08 12,65 7,72
14,1 14,96 2,83
8,28 2,38 13,51
0,73 11,14 6,57
13,89 7,5 9,99
9,97 6,73 1,18
14,81 4,3 14,62
1,61 12,37 0,9
11,47 13,3 9,76
1,64 0,74 11,57
1,74 13,92 8,56
1,67 6,13 13,63
14,72 4,68 2,6
10,49 7,13 8,74
12,8 14,14 0,15
3,7 13,27 11,0
14,46 14,45 4,2
14,1 7,87 14,97
14,78 13,35 13,54
13,38 14,58 6,43
9,73 14,06 9,8
5,77 1,62 11,99
11,01 9,07 7,62
8,15 13,52 8,91
7,75 2,83 14,51
3,89 1,78 3,86
4,41 9,44 11,16
11,75 8,5 14,37
3,96 13,58 7,97
3,32 8,62 10,58
2,98 13,27 4,02
1,03 8,16 9,18
10,27 8,81 5,76
3,92 13,54 3,43
14,91 4,28 1,87
9,62 3,94 1,9
10,64 12,49 9,07
8,79 9,67 6,56
8,09 8,46 3,39
1,39 9,29 14,73
2,41 9,02 7,52
10,24 8,62 2,39
10,22 13,13 0,67
6,34 13,05 5,62
4,2 10,39 5,41
5,73 0,73 6,46
6,84 3,24 6,69
13,89 7,0 0,43
0,98 0,69 13,32
4,41 10,42 11,88
5,66 12,59 5,8
1,4 1,38 0,38
3,96 4,48 8,27
0,3 3,17 5,75
3,84 11,32 7,67
3,24 12,13 10,68
12,11 3,6 6,72
7,15 3,99 3,85
2,99 7,41 5,05
13,32 6,7 9,05
9,58 3,07 14,65
13,79 8,35 7,35
9,45 3,69 14,78
13,51 7,88 3,34
9,87 14,64 9,43
9,26 2,51 3,84
10,68 11,38 13,54
3,84 1,47 13,11
8,06 5,39 0,18
1,02 5,04 9,13
9,95 1,32 12,35
5,87 12,49 0,92
9,51 11,65 12,3
12,7 12,18 0,78
13,4 5,36 13,98
3,51 4,08 9,58
0,83 4,95 8,98
0,93 5,16 1,21
14,97 0,52 2,41
12,96 12,88 14,64
3,02 13,93 9,95
0,97 8,34 5,32
11,28 6,13 0,97
11,49 11,95 11,1
12,63 12,54 3,87
7,89 1,08 14,43
13,71 6,98 10,99
8,97 9,69 3,93
8,21 11,87 5,58
6,75 2,43 14,14
1,4 9,88 8,33
8,36 12,4 10,59
1,58 2,18 5,67
12,78 13,38 8,17
1,92 1,07 1,18
11,34 12,9 0,84
8,83 8,7 4,27
13,29 0,08 0,25
8,17 12,79 3,92
1,92 9,41 3,81
4,87 10,02 12,69
13,93 4,91 9,13
2,18 0,4 14,38
3,36 4,07 4,37
7,65 12,4 10,25
3,77 11,07 11,64
9,1 12,63 3,12
14,61 5,48 12,14
3,23 6,81 13,56
14,82 11,57 12,62
5,19 6,7 13,01
12,79 5,29 13,84
9,54 9,82 14,68
7,01 10,23 10,91
8,1 11,9 6,96
8,25 13,86 0,51
12,88 3,15 13,4
10,4 3,63 10,37
1,76 3,43 0,06
4,11 6,31 0,97
14,2 0,23 4,05
2,74 5,23 1,92
7,69 6,37 2,86
12,62 0,13 12,09
7,27 4,55 6,13
10,38 4,44 12,76
9,29 6,44 10,56
1,39 13,57 5,33
6,17 12,05 1,16
13,19 11,57 1,51
7,6 11,67 12,06
12,8 0,4 5,85
7,31 9,54 9,04