86
7
9,82 5,94 9,16 7,15 3,65 4,69 14,95
10,46 6,22 0,58 9,8 3,69 10,9 7,73
7,95 7,58 10,26 13,48 11,61 8,08 6,06
0,47 10,27 8,59 6,13 2,55 11,1 2,29
11,94 13,23 0,87 7,75 2,62 10,71 1,63
10,53 1,87 7,18 6,31 13,37 6,0 9,23
10,18 1,32 12,94 8,12 9,12 2,64 9,13
2,27 12,59 6,48 9,24 9,98 7,89 2,39
2,93 11,78 5,71 9,96 0,01 7,03 5,41
9,85 11,32 6,83 6,11 3,84 5,24 9,37
10,0 13,2 13,46 4,99 10,64 2,99 0,96
11,31 14,95 5,81 12,37 14,59 9,14 0,58
0,93 13,48 6,45 6,47 10,53 3,53 11,0
14,66 12,07 12,85 7,42 13,07 0,53 13,13
14,33 4,46 13,92 5,05 7,13 6,01 14,42
0,62 9,38 13,64 5,21 12,3 4,96 11,85
3,93 0,71 1,9 1,98 7,55 4,24 13,55
3,49 4,27 11,32 9,42 4,03 2,07 2,77
11,25 6,27 11,06 3,19 6,25 14,1 2,29
14,81 8,91 1,55 8,76 6,62 10,26 10,69
7,01 5,42 4,01 1,92 12,77 9,13 13,01
2,71 4,16 13,17 5,85 9,14 10,47 1,44
1,36 0,72 12,83 9,57 5,44 11,47 4,82
13,55 3,66 13,29 8,74 6,47 13,08 9,41
3,1 14,74 3,59 10,32 5,25 10,11 10,32
11,42 3,78 0,71 3,55 7,69 0,95 9,07
7,79 11,16 8,56 13,88 5,73 11,37 11,96
0,24 8,04 8,57 0,91 10,33 1,12 10,84
0,87 7,47 4,64 4,76 14,51 14,07 10,55
12,73 7,43 1,61 1,09 2,12 2,96 5,76
10,02 12,69 14,09 2,33 8,63 3,94 6,61
10,62 10,61 10,54 3,45 5,38 11,03 4,39
3,39 1,59 12,14 0,32 12,5 4,09 8,51
14,02 2,77 5,94 0,29 2,16 5,88 5,98
11,55 10,88 9,1 0,18 1,23 10,31 8,91
3,68 5,77 2,32 12,29 12,87 10,88 6,29
8,24 4,21 9,89 11,54 4,42 7,59 9,1
14,15 10,14 11,66 5,14 6,61 0,86 3,06
11,93 2,12 6,0 10,69 10,72 1,45 0,72
0,63 8,31 9,97 1,68 13,98 7,8 1,32
1,45 1,87 12,68 12,51 1,45 10,87 12,85
1,39 0,08 10,23 0,41 11,62 0,68 0,41
2,79 0,94 4,56 11,03 4,65 9,4 5,63
6,59 6,46 1,31 4,96 5,59 1,66 14,05
14,98 11,18 1,32 12,47 0,72 13,9 5,72
9,9 8,3 4,56 5,03 8,69 13,14 13,94
13,36 11,45 7,09 7,45 13,07 2,98 2,79
6,53 0,29 13,2 3,96 9,21 8,58 12,36
9,51 11,51 7,06 11,02 7,71 10,53 1,35
8,52 13,37 9,93 3,09 11,32 12,76 9,94
6,85 12,62 0,85 5,58 10,77 5,69 11,52
6,32 14,38 7,46 9,44 8,19 13,54 14,72
13,52 6,35 6,7 1,33 11,68 9,02 12,34
3,52 0,93 9,95 2,67 11,9 3,92 0,38
11,57 12,5 13,61 12,29 3,57 6,81 8,42
3,2 2,32 10,05 11,36 8,49 6,57 3,93
4,55 0,47 12,54 0,7 6,55 10,03 9,66
3,35 14,72 14,65 13,97 7,41 1,14 9,58
10,5 10,58 9,06 6,47 9,55 4,6 13,24
7,96 11,89 9,86 8,74 0,76 6,44 10,79
1,53 2,94 4,25 6,65 11,19 4,42 11,13
12,18 14,27 14,14 14,87 10,1 9,23 10,57
14,7 3,14 5,76 8,85 8,75 3,39 5,25
8,66 14,15 0,54 12,02 8,33 11,26 6,94
4,59 14,03 14,16 1,18 13,14 9,75 0,67
11,63 11,45 3,45 6,46 10,64 1,94 4,35
5,88 10,84 6,33 6,82 6,28 8,26 6,22
9,69 0,49 1,77 2,7 7,3 13,43 8,12
6,21 9,22 10,67 10,39 2,24 1,93 12,21
11,74 3,72 6,41 6,28 10,8 13,07 5,77
0,68 0,27 10,51 2,82 14,96 14,39 2,88
4,79 2,73 11,56 11,1 11,03 8,54 2,33
4,9 10,44 12,97 11,63 13,88 4,43 1,55
10,24 6,39 10,8 4,14 13,7 14,33 1,87
1,82 5,82 9,7 4,23 9,96 0,53 0,9
7,22 4,08 1,36 0,72 8,65 4,29 12,18
3,31 7,51 0,59 10,98 9,76 4,99 9,87
2,22 12,87 7,46 8,78 11,59 10,9 4,15
14,11 11,37 6,51 8,85 11,96 4,48 0,89
8,98 5,27 4,56 5,12 1,65 0,4 0,62
4,26 14,56 3,12 1,34 13,65 13,67 11,05
7,6 9,09 12,63 4,88 0,81 2,86 7,02
14,07 14,45 11,1 5,97 2,61 2,08 14,72
4,6 8,5 12,07 1,31 10,33 10,8 0,21
9,05 10,05 3,59 4,14 7,02 8,98 2,95
1,97 5,77 10,22 8,23 7,85 0,45 3,49