160
3
0,09 13,46 5,52
10,08 14,08 11,81
8,29 3,42 11,98
10,72 6,1 13,04
4,04 3,56 6,84
8,76 2,58 8,74
1,73 8,41 1,59
11,54 9,36 7,75
2,0 6,21 9,27
2,27 8,84 7,64
11,59 5,7 3,64
8,62 10,97 11,33
1,07 1,1 13,9
4,56 13,71 8,51
11,22 6,44 2,73
8,57 13,64 12,41
14,2 11,96 5,45
6,31 1,48 12,51
14,25 0,85 11,17
12,43 13,82 6,1
7,59 9,52 1,95
14,61 7,34 5,36
10,06 0,79 0,36
6,51 1,3 0,67
1,28 4,39 4,42
6,26 1,78 12,34
7,89 7,19 2,86
14,52 11,52 12,12
7,61 2,86 1,76
14,31 5,47 7,23
0,71 5,1 7,35
12,44 11,4 12,54
10,58 1,25 0,86
8,53 0,21 12,06
0,54 2,22 0,19
3,22 2,73 11,73
5,84 11,77 13,81
1,74 10,03 5,08
11,83 7,4 0,95
10,42 11,55 4,24
0,48 11,46 0,2
6,18 11,43 14,65
6,04 4,98 7,0
9,36 13,97 6,34
7,26 14,6 3,59
0,91 5,95 0,53
0,74 5,74 13,81
6,14 14,35 0,43
9,32 2,09 4,41
7,65 5,44 4,04
0,34 1,46 2,33
10,88 12,11 3,52
8,9 3,03 12,26
10,84 11,9 1,77
9,28 2,15 1,95
2,76 7,63 2,22
1,73 13,28 6,02
12,42 8,7 14,91
2,21 14,8 12,77
14,6 2,56 8,19
1,37 0,65 8,45
11,57 7,57 9,4
2,81 6,73 4,8
3,38 6,53 4,31
13,67 5,28 12,53
3,3 13,65 13,8
5,8 8,29 11,51
4,32 10,18 1,44
12,33 10,11 9,56
12,54 11,84 13,53
13,34 10,72 9,92
9,29 5,54 10,53
2,75 8,95 0,97
3,59 10,42 7,58
8,71 11,06 11,6
6,63 2,55 9,79
0,79 10,94 14,87
10,1 9,06 0,37
5,44 9,12 7,7
14,77 9,6 2,08
0,04 6,5 6,29
2,53 6,15 4,67
13,09 2,76 14,74
9,95 3,24 14,03
0,47 4,17 7,85
14,97 0,69 8,31
11,1 4,03 3,09
2,92 6,98 0,4
4,69 4,6 6,2
9,32 0,33 0,33
11,6 4,31 3,55
8,02 11,17 11,18
1,67 13,88 7,69
8,04 2,68 13,18
2,9 3,92 3,4
8,7 7,39 8,99
14,9 11,75 13,28
1,13 6,09 4,69
10,25 13,9 3,47
11,11 7,35 5,55
8,52 3,42 12,73
3,13 9,18 11,38
8,28 13,61 7,58
8,07 8,3 3,86
5,83 6,2 11,09
13,52 7,41 1,89
6,1 10,53 7,13
8,3 3,27 14,46
2,4 6,58 7,55
11,78 3,76 2,46
0,56 1,93 5,71
4,43 6,95 14,94
7,53 8,33 8,58
7,37 6,56 14,14
0,6 14,89 7,87
14,97 2,63 1,52
10,14 9,26 12,06
12,52 3,64 8,34
3,35 11,83 2,6
8,37 7,67 4,24
0,67 11,75 9,47
12,97 7,88 9,55
6,47 1,36 11,52
1,1 12,84 5,32
9,54 11,08 10,14
8,67 7,73 10,07
13,68 11,52 5,04
4,42 7,04 4,81
1,02 14,7 9,93
7,16 3,12 13,06
14,54 7,3 7,22
6,84 2,21 13,3
7,93 9,23 5,12
14,33 7,47 3,29
6,28 9,84 14,37
2,39 9,34 14,12
7,57 7,42 12,99
7,54 5,07 11,51
4,52 12,63 13,95
11,49 8,56 11,24
8,0 14,03 3,51
4,93 10,81 7,64
4,43 14,71 7,79
11,03 6,27 9,11
0,68 6,75 5,17
14,03 12,76 8,19
9,55 2,67 3,68
5,68 3,94 12,9
6,51 1,0 1,82
7,41 9,75 4,42
5,54 11,94 1,47
1,12 12,47 4,19
10,97 6,94 7,43
14,88 12,26 13,64
3,96 13,67 6,32
1,83 13,79 10,72
13,91 7,86 1,61
4,45 11,4 3,99
0,72 6,12 1,95
4,57 14,84 5,11