29
4
7,52 4,3 13,1 2,79
1,8 9,26 1,03 4,25
6,03 0,22 1,15 8,42
13,24 3,38 2,9 2,15
6,76 9,97 4,45 5,74
9,19 1,73 8,87 1,21
11,58 8,78 14,48 11,94
9,12 11,1 3,93 13,98
9,67 11,13 12,12 0,83
0,63 6,28 4,81 7,1
14,78 1,72 6,59 1,74
1,3 5,82 8,12 6,53
8,99 13,2 4,81 5,14
6,8 9,96 0,64 9,78
1,47 7,27 0,34 12,48
9,15 13,31 3,57 9,48
11,98 6,85 1,2 0,74
1,85 6,91 11,99 8,41
3,52 10,8 12,94 5,96
1,28 12,65 0,81 10,18
9,16 14,26 5,41 2,68
8,23 1,54 6,47 1,39
9,07 2,96 10,4 12,39
7,99 0,88 0,55 14,84
8,75 14,08 0,44 6,47
1,22 5,56 13,73 14,64
0,2 7,18 9,47 3,51
10,2 12,8 1,17 7,82
7,79 12,89 13,58 9,78