70
9
1,73 13,13 2,46 2,97 12,34 11,86 1,94 3,87 13,19
3,94 9,13 0,43 5,88 2,84 7,48 14,58 2,94 11,75
9,24 7,62 6,69 14,62 12,84 4,71 0,39 1,79 13,43
7,77 4,04 14,72 8,27 12,63 10,08 8,11 12,87 9,33
8,07 12,51 2,33 9,68 2,58 2,2 9,94 7,87 5,72
10,72 13,51 5,51 8,34 11,65 12,08 9,77 2,71 11,72
0,62 3,4 13,32 4,75 2,78 3,69 12,52 10,01 12,27
6,17 11,76 0,22 2,13 14,45 4,2 11,95 14,25 3,91
11,0 3,15 6,42 6,24 3,63 5,43 11,64 14,7 4,43
0,65 2,02 1,43 2,13 4,05 13,99 1,33 1,84 13,3
8,35 4,16 14,3 5,43 9,13 11,36 13,1 10,82 14,46
13,71 6,28 14,84 1,61 6,06 13,03 0,83 4,65 5,75
9,55 6,18 8,95 11,77 5,79 14,22 8,87 2,59 2,74
1,79 3,44 10,02 3,59 0,83 0,78 10,31 2,39 2,27
7,35 14,78 11,91 6,83 8,97 0,83 2,35 2,8 8,54
6,5 8,87 8,51 10,87 4,49 1,53 3,25 6,59 9,25
7,22 13,61 5,2 10,63 2,39 1,88 9,81 10,67 12,39
10,83 1,67 11,35 14,54 6,14 4,82 2,59 4,27 14,94
4,89 3,31 12,63 13,99 2,65 13,94 6,66 1,94 1,92
2,98 4,63 2,2 10,35 10,21 8,7 6,83 5,02 1,57
9,52 13,78 11,97 3,02 5,31 11,09 12,0 5,36 6,04
3,88 4,53 1,0 12,06 6,6 6,07 0,12 6,28 14,51
7,8 0,38 5,18 2,3 8,29 6,43 3,65 9,19 2,41
10,03 4,22 10,16 4,74 8,2 6,96 8,27 13,24 6,34
13,73 5,29 12,84 3,46 6,34 13,17 3,43 13,77 2,78
4,63 8,0 9,22 14,7 11,31 10,47 8,26 14,8 1,56
0,79 14,56 12,51 4,37 10,03 8,35 6,08 8,15 7,48
0,45 2,61 4,36 10,53 1,5 0,89 8,15 8,49 7,79
1,92 11,03 13,84 4,41 12,78 6,25 2,46 12,76 10,09
4,18 8,73 6,28 5,52 7,88 12,56 3,86 1,71 5,21
13,35 11,47 12,02 7,72 5,16 12,14 6,11 9,54 14,51
9,93 0,75 4,59 14,08 1,35 1,0 1,75 11,33 8,07
8,69 7,03 7,3 7,88 3,52 5,05 6,53 2,2 14,34
13,14 2,75 9,45 13,27 10,61 8,29 4,06 10,11 13,44
5,06 0,49 14,6 10,85 5,28 12,72 11,51 9,03 2,65
7,68 5,49 12,12 4,43 7,94 12,66 5,14 1,86 10,1
14,0 0,36 14,29 9,67 14,57 13,03 6,02 7,85 10,76
7,48 12,37 10,57 0,37 5,29 10,3 2,56 8,46 7,44
11,34 0,87 14,78 1,98 12,2 8,62 3,94 13,78 7,73
1,87 8,3 6,67 14,71 14,26 9,23 3,8 6,67 11,74
3,76 3,72 9,04 11,14 3,01 0,61 7,45 1,31 12,8
5,03 8,55 0,57 9,62 0,17 3,49 5,27 0,41 7,28
9,47 14,45 14,02 4,64 8,81 8,43 8,05 0,42 8,79
2,36 13,39 10,81 0,51 5,86 10,55 0,07 5,63 7,13
5,8 10,39 11,43 5,57 2,65 10,5 14,58 10,6 6,18
1,86 2,7 6,56 10,56 1,66 12,97 13,78 2,76 2,08
6,99 4,02 1,12 3,29 14,69 14,12 9,19 12,17 2,61
10,36 5,55 2,68 8,0 8,92 4,64 14,79 14,64 7,19
8,21 8,11 0,47 8,04 0,41 14,37 2,53 5,19 3,5
4,27 2,81 11,48 8,95 9,47 0,72 1,96 14,79 9,58
8,81 7,37 14,48 9,63 0,08 8,46 9,41 1,51 12,24
10,71 5,65 11,98 3,8 4,77 2,83 9,14 10,69 3,94
3,86 3,05 10,84 0,13 5,47 11,02 14,46 8,33 6,81
3,37 12,72 4,08 0,18 0,3 10,79 7,32 4,2 1,52
9,92 14,35 6,94 11,07 9,6 8,62 5,85 2,78 7,78
7,76 2,56 3,28 4,02 10,56 14,37 14,53 13,29 12,27
3,3 6,89 2,33 5,17 2,76 8,6 14,23 5,01 0,15
7,41 6,28 2,15 14,64 7,25 3,12 9,4 5,89 14,08
10,59 12,4 5,84 13,5 12,66 8,17 6,91 14,66 2,6
12,35 9,02 1,44 9,56 7,14 3,13 13,09 9,31 12,49
13,22 7,31 1,3 13,19 5,59 12,63 14,38 7,77 2,26
1,22 11,09 6,47 10,81 2,82 5,94 2,99 2,0 0,02
2,93 7,21 8,37 1,01 2,75 13,76 4,97 10,76 4,21
2,39 12,27 9,14 5,19 0,44 11,37 11,61 12,71 5,04
0,98 12,35 5,8 13,18 10,1 11,55 13,87 11,43 9,44
9,01 8,35 6,89 11,21 7,35 7,28 14,05 12,42 5,73
2,17 9,6 1,63 11,71 7,61 9,87 6,29 5,9 2,09
14,46 0,09 11,3 12,34 11,71 13,42 11,23 4,49 3,25
13,19 7,2 12,56 3,93 13,28 12,3 2,63 12,18 10,36
6,62 9,88 11,81 0,72 8,71 4,42 13,04 10,43 8,76