120
9
11,01 7,09 5,13 3,86 2,9 10,63 13,21 9,15 3,58
11,45 8,99 11,78 11,8 4,6 14,08 12,79 5,66 9,44
1,1 1,41 9,87 9,0 12,93 2,52 1,49 6,83 12,19
10,51 4,79 9,19 9,47 6,54 11,18 13,7 1,38 1,4
2,06 0,48 11,81 8,9 1,92 7,03 7,21 1,72 1,03
11,31 1,86 3,36 8,1 11,92 2,79 3,46 14,17 10,46
2,67 14,44 1,05 3,69 5,78 8,66 1,83 1,45 6,1
6,32 5,43 12,73 13,97 2,06 0,56 6,26 13,98 9,75
5,36 14,91 3,02 1,18 5,77 1,03 11,07 3,72 5,84
7,01 12,0 3,09 7,9 7,89 12,0 0,49 10,06 6,12
14,58 7,26 0,13 0,4 4,59 4,58 4,63 9,19 13,1
5,1 9,11 11,73 11,44 5,47 7,22 11,45 0,22 13,16
7,67 6,27 5,22 6,04 7,65 7,36 1,18 13,5 13,71
1,28 13,22 14,22 11,52 12,1 1,51 13,77 13,41 11,43
4,69 1,52 0,35 2,28 8,41 6,94 0,95 5,85 13,31
1,54 8,58 4,32 3,49 14,02 8,46 14,96 9,5 6,66
3,49 4,63 0,4 12,62 3,9 6,35 14,24 3,1 8,38
1,01 1,42 11,94 7,35 5,35 4,82 10,67 0,42 2,11
8,74 5,36 13,79 0,18 12,18 4,36 13,66 2,79 13,01
7,88 4,73 12,5 6,26 10,86 9,88 0,46 8,27 9,44
12,29 8,71 7,64 14,71 10,79 4,58 13,54 6,74 4,22
6,23 12,74 14,83 13,48 11,95 10,54 6,88 6,46 7,74
7,05 11,82 12,17 7,72 7,5 12,62 12,4 10,94 2,86
0,2 4,19 14,37 3,7 14,97 7,39 14,39 5,91 6,25
10,18 13,16 2,55 0,79 12,46 4,39 10,95 4,91 7,78
10,45 6,46 8,0 2,65 13,13 9,19 11,3 0,15 8,53
0,67 9,56 13,83 9,64 7,51 8,72 8,41 9,3 7,68
5,97 13,06 5,84 13,02 0,58 13,14 12,6 9,76 5,21
11,16 1,78 12,97 4,98 5,59 2,19 14,76 8,37 3,77
9,42 12,91 9,54 5,51 10,19 6,08 0,7 11,3 5,06
13,29 14,94 4,14 7,52 9,97 3,9 6,15 12,05 1,58
0,86 14,93 5,34 10,76 8,32 9,1 3,4 1,21 4,98
7,58 1,13 11,11 2,97 7,62 14,75 1,68 6,07 8,83
4,01 2,32 7,55 9,76 6,76 3,32 3,78 14,91 1,48
1,44 2,48 3,9 7,31 4,31 2,2 13,09 13,87 5,77
6,2 8,05 3,79 8,7 2,32 8,52 0,94 3,85 14,47
11,56 14,52 0,94 1,82 4,06 0,8 0,27 3,6 12,33
7,75 9,97 12,36 11,07 6,87 11,91 2,7 6,91 1,95
12,83 14,89 7,36 1,79 11,06 6,76 4,11 6,42 7,88
9,73 10,03 8,78 11,34 6,95 2,72 2,01 7,74 7,37
5,59 7,11 7,86 9,52 7,54 8,54 0,59 4,83 13,68
13,37 9,81 12,95 3,49 13,01 8,95 7,71 4,4 7,55
2,54 4,4 4,81 7,75 13,41 3,27 13,67 2,61 12,51
5,28 12,04 7,09 6,31 13,81 4,58 9,52 12,94 7,91
3,92 3,15 13,42 1,51 0,39 4,64 8,25 8,81 7,37
5,54 8,08 0,8 2,06 6,35 4,54 13,31 6,73 4,76
8,63 6,22 10,8 7,15 11,76 4,52 1,51 6,74 7,95
6,29 8,64 11,6 2,67 7,21 1,5 9,3 5,67 11,93
8,16 11,11 3,57 13,71 13,59 3,11 1,44 5,21 0,85
2,55 5,58 11,32 12,03 7,39 4,58 3,02 2,06 13,93
14,64 4,81 8,83 7,32 14,35 0,17 6,3 14,83 10,22
2,89 2,31 11,49 13,3 3,85 13,75 0,3 4,67 3,54
3,48 9,2 7,0 7,93 2,67 4,11 3,32 8,47 4,19
10,03 12,57 0,89 0,96 10,09 2,58 1,12 7,91 3,26
2,69 4,41 6,1 12,57 7,4 8,36 4,29 6,05 4,59
8,5 5,96 0,75 13,93 5,79 7,48 7,25 2,45 4,62
1,76 4,9 11,21 14,97 3,71 4,08 0,45 7,21 3,72
2,81 1,91 6,0 14,91 3,8 5,19 13,6 14,19 8,87
3,06 4,07 1,91 1,88 9,92 9,58 8,13 14,04 2,2
12,54 0,84 14,17 2,6 11,43 9,25 6,73 11,8 1,09
7,51 5,03 11,02 3,38 1,39 6,26 3,07 3,67 11,49
9,23 4,43 11,2 9,28 11,47 9,12 12,05 6,1 12,55
3,41 2,62 14,78 3,87 2,5 13,76 14,67 10,49 6,47
2,9 13,93 8,93 10,64 3,99 1,98 5,22 12,09 13,76
12,3 13,88 12,12 4,41 8,08 13,22 11,51 11,78 2,21
4,0 7,98 2,31 9,57 8,67 12,52 14,31 9,66 5,02
8,87 1,5 11,52 0,96 0,13 2,83 5,98 9,45 8,23
2,68 12,49 6,04 5,25 10,28 8,5 2,13 6,89 6,52
13,99 0,75 7,2 4,0 2,95 12,15 0,45 0,97 7,9
9,87 9,45 11,09 5,04 13,94 14,91 7,22 12,17 10,95
2,79 13,14 12,67 9,42 7,54 7,46 14,53 5,3 12,62
6,97 2,27 13,28 12,23 6,27 8,78 1,97 9,72 4,88
10,17 2,76 13,03 13,46 10,31 8,89 3,75 9,16 5,16
11,64 8,59 6,06 3,3 7,14 12,27 2,86 3,42 10,4
11,34 13,71 6,58 7,3 6,18 8,76 14,35 3,41 13,95
5,18 2,71 3,19 3,18 0,98 11,49 14,94 12,16 6,47
13,48 2,41 3,14 2,89 13,76 11,47 7,2 8,81 14,46
4,9 8,71 9,42 9,68 7,85 6,07 1,65 9,07 11,47
4,36 7,79 11,19 2,62 7,14 9,05 13,58 0,58 11,64
7,88 4,28 13,99 8,45 8,6 14,63 8,94 9,01 5,47
6,43 6,95 3,41 10,33 10,01 8,37 9,14 6,32 0,16
9,78 10,25 3,2 14,29 9,31 9,74 9,29 3,23 1,26
11,29 8,91 12,72 4,21 2,24 11,12 11,02 8,46 9,6
9,52 7,37 1,31 9,0 2,55 6,53 7,6 8,66 3,54
7,96 3,03 8,84 7,44 4,43 12,41 14,88 8,58 13,25
2,49 7,99 10,34 10,64 3,84 0,1 10,77 5,54 5,48
4,38 0,71 12,57 4,29 1,18 10,3 6,51 5,0 3,8
7,13 9,82 14,04 4,57 0,05 7,93 6,16 8,24 11,25
11,31 12,46 3,85 8,44 1,26 3,56 1,18 2,26 9,93
7,7 3,62 6,03 1,8 2,84 7,92 10,73 9,46 13,47
7,11 10,25 1,06 9,98 14,15 12,66 2,75 4,08 8,73
12,73 11,02 5,09 4,52 1,38 1,05 9,57 5,94 13,58
11,89 9,05 9,23 13,97 14,6 11,42 1,06 4,16 14,97
2,22 7,1 4,12 8,93 3,74 5,08 14,07 9,36 1,11
3,51 3,87 2,92 14,67 4,26 0,74 3,44 2,39 5,69
11,44 13,05 14,26 2,94 9,99 8,78 7,59 12,28 5,86
12,21 8,77 8,17 13,31 9,66 12,28 11,48 3,33 13,96
10,71 6,79 4,31 3,51 2,32 9,0 7,01 10,24 2,5
14,57 6,14 11,19 12,28 10,8 13,85 9,4 10,74 2,72
3,67 12,4 1,1 12,14 14,63 10,46 14,92 5,07 2,21
5,31 6,1 0,99 7,79 7,5 3,19 14,99 6,05 5,95
3,46 7,71 11,82 6,54 5,17 0,33 10,65 12,56 7,82
8,24 12,89 2,56 3,57 8,04 11,26 13,95 2,39 9,56
2,32 4,62 7,79 11,05 3,61 10,39 10,74 0,4 5,42
14,56 4,36 12,73 6,72 13,19 6,96 1,63 12,27 11,65
10,41 12,83 3,54 13,35 4,0 14,68 8,12 6,35 12,17
8,54 8,14 8,2 8,02 7,15 9,46 9,17 4,17 3,15
4,41 14,61 9,13 8,49 9,34 8,66 4,79 14,54 10,91
12,23 1,38 1,46 10,29 13,39 7,45 10,14 7,78 6,05
2,69 7,36 9,16 5,96 8,79 0,25 3,46 9,14 11,8
10,09 2,3 12,82 3,83 5,15 3,78 14,07 10,67 13,06
2,21 12,69 10,29 3,28 8,86 8,87 9,31 11,99 8,82
11,67 5,92 7,95 6,39 14,86 5,18 9,6 3,77 5,16
14,49 6,95 13,87 3,12 9,12 7,14 3,19 0,85 12,52
5,48 8,26 9,5 1,36 6,76 10,0 2,37 1,02 2,75
13,98 14,42 12,12 12,7 11,78 1,71 9,98 6,71 14,98
14,83 3,76 6,05 10,87 7,16 1,04 5,88 4,94 9,9
2,5 11,56 10,54 11,65 2,44 8,26 5,15 4,29 9,33
11,13 5,9 12,89 13,42 14,35 10,26 6,61 3,88 8,58
14,8 4,43 5,18 10,0 13,84 10,17 13,64 14,1 11,79