143
3
4,88 1,21 9,81
13,15 8,6 2,77
7,04 9,49 1,09
12,92 11,07 6,36
0,64 1,73 3,12
12,88 3,71 4,94
9,39 9,47 3,57
10,86 6,27 1,9
8,09 7,01 7,36
13,77 0,32 2,58
11,11 10,26 10,33
0,24 10,11 8,58
7,36 8,54 0,08
0,92 2,59 2,81
4,03 10,96 13,68
3,7 12,53 12,57
0,77 9,42 11,7
4,38 0,35 12,97
2,38 6,02 1,65
7,86 1,6 1,34
8,52 5,39 8,36
0,85 13,65 13,88
8,7 6,4 5,14
1,85 0,71 7,0
13,64 14,26 6,73
12,57 2,71 6,14
8,56 8,45 3,46
1,28 8,52 10,88
1,04 3,68 0,17
9,98 0,34 8,14
1,04 6,83 0,63
5,81 0,89 4,18
0,52 7,01 0,09
12,42 13,32 4,5
13,63 9,97 5,71
13,94 5,89 2,04
9,54 5,52 14,18
10,23 7,67 5,93
12,01 11,02 0,37
7,72 7,77 11,22
7,15 0,85 13,97
7,88 6,75 3,88
6,48 6,78 0,99
8,92 11,58 13,28
9,32 9,28 13,0
10,1 2,0 8,62
0,97 6,81 8,63
9,99 8,34 1,13
8,39 11,86 4,74
3,94 13,76 13,88
0,69 8,36 0,05
8,72 2,86 4,51
11,48 8,05 9,56
2,37 8,53 14,72
10,05 14,37 1,26
7,52 9,41 11,58
11,6 13,04 8,71
4,69 3,92 10,08
13,76 7,31 4,55
14,54 10,34 5,77
2,45 8,75 10,61
13,14 10,63 4,36
12,29 10,93 13,1
11,63 4,94 13,67
12,28 14,04 7,3
14,63 5,18 14,28
7,8 3,54 10,42
10,1 6,93 10,03
13,2 9,5 9,15
3,9 12,56 10,39
8,89 14,81 11,6
9,02 6,37 2,56
8,66 8,17 13,08
13,32 12,43 4,13
9,97 14,92 4,35
14,63 2,97 11,95
4,55 4,72 6,34
10,06 2,08 0,03
14,26 15,0 2,22
14,47 10,37 12,46
4,37 3,67 9,13
12,15 8,66 12,8
4,55 10,7 8,55
12,47 12,87 3,49
14,12 14,14 13,3
14,84 5,1 8,16
4,92 11,93 0,62
10,74 9,27 11,75
6,66 0,29 13,53
4,35 1,82 9,72
7,91 1,46 9,6
1,67 14,87 7,42
8,64 13,84 13,42
3,69 0,23 3,7
6,97 5,12 3,25
10,86 1,48 2,63
12,25 11,83 0,05
14,0 3,5 3,76
9,95 2,78 9,29
8,07 14,59 11,9
7,47 6,12 7,71
5,19 14,12 5,93
1,72 7,63 11,05
11,95 5,82 13,32
1,81 14,16 9,11
0,28 6,74 5,3
12,84 5,79 8,66
6,42 11,05 9,51
4,94 9,34 8,15
5,49 5,76 4,58
5,92 7,58 10,9
8,2 12,64 14,66
12,23 11,48 3,67
1,66 13,37 9,81
8,05 7,19 4,99
0,62 12,25 14,34
12,58 3,82 1,62
0,74 8,53 8,7
1,52 2,16 10,62
6,59 9,62 13,1
8,17 10,04 12,2
2,08 5,79 7,8
10,79 8,39 2,31
14,64 2,53 2,96
7,44 7,16 14,82
7,72 12,76 2,46
13,44 12,56 13,91
10,36 12,0 1,35
2,82 13,01 11,44
4,11 7,92 4,74
4,88 0,39 8,94
0,97 12,5 7,66
6,57 9,48 10,68
1,54 13,08 3,94
9,9 11,96 10,49
9,8 11,87 10,2
0,64 10,43 1,91
9,47 8,9 5,41
5,51 13,06 4,6
3,98 14,1 2,68
0,86 10,06 13,58
9,31 4,77 3,89
8,89 0,06 3,68