58
5
14,99 0,78 11,78 14,35 2,03
13,79 12,8 8,27 6,52 8,69
10,82 2,35 10,28 5,45 13,22
4,96 3,91 11,11 2,7 1,21
1,35 12,93 7,03 13,18 11,21
4,53 9,17 14,32 9,89 4,44
9,53 1,3 9,03 10,32 0,03
1,28 10,38 12,09 5,16 0,36
11,39 1,31 9,4 14,25 9,15
14,66 11,6 2,9 13,95 7,56
3,93 8,05 6,24 1,55 6,4
8,24 11,51 6,47 1,98 3,09
12,28 7,46 1,26 6,38 0,42
6,81 5,21 8,16 5,36 3,04
7,13 1,14 5,27 5,29 5,63
4,97 11,92 14,74 6,85 8,54
9,58 11,67 2,25 13,39 1,62
2,31 7,63 8,63 8,68 7,86
14,45 6,91 6,94 4,34 3,48
9,39 10,25 8,7 13,35 0,36
7,4 14,05 5,89 13,49 7,57
9,89 11,06 12,5 13,39 9,82
5,92 14,2 1,99 11,19 14,14
2,8 13,41 14,21 8,95 12,1
1,27 14,56 13,77 3,31 10,23
1,36 8,77 8,98 8,83 10,96
9,75 8,84 2,79 14,03 12,52
10,78 2,68 10,82 13,59 5,2
9,71 6,58 10,84 3,76 1,2
10,39 6,2 2,81 6,76 4,23
6,75 14,97 5,84 12,29 9,36
10,92 1,29 0,63 3,33 8,15
9,41 12,37 14,01 14,85 7,33
8,78 2,93 12,43 2,19 3,57
2,82 10,16 11,96 7,26 14,84
1,8 0,97 3,04 7,77 7,2
0,55 5,53 7,68 13,38 10,41
12,06 0,69 12,55 12,94 13,03
8,95 7,85 10,37 6,28 2,16
3,28 2,89 14,42 10,22 2,92
7,66 5,67 3,35 2,39 5,69
3,82 4,93 5,2 12,27 3,2
0,12 13,23 10,25 10,93 1,05
0,52 11,39 7,7 14,52 10,81
4,57 14,71 11,71 4,11 10,06
6,45 9,92 4,31 14,23 11,6
10,04 1,38 6,39 6,67 8,38
0,08 5,07 2,09 8,56 6,15
1,15 2,44 6,13 7,35 8,97
1,3 10,15 4,31 0,67 3,34
8,61 9,8 11,19 1,94 12,71
6,28 5,0 3,62 14,69 3,78
3,84 9,43 9,77 10,66 6,65
6,67 10,2 2,27 1,41 4,05
12,6 0,67 7,51 9,67 4,6
5,13 1,25 3,74 0,2 0,09
10,37 13,88 14,3 10,0 0,32
8,18 14,49 6,39 6,1 13,69