55
6
9,79 12,42 1,82 12,93 10,55 4,37
14,11 2,34 6,55 4,5 9,13 14,3
7,49 6,95 7,23 8,09 7,15 12,5
1,5 7,3 5,9 13,36 9,92 11,6
8,13 8,37 11,89 12,44 11,04 3,3
0,43 1,23 11,56 8,49 0,71 3,38
2,42 11,97 6,63 0,64 12,64 9,36
0,28 8,52 3,13 11,99 6,75 8,56
5,88 11,25 5,47 11,49 0,38 1,36
8,98 9,84 4,54 10,11 14,09 0,55
2,48 10,86 9,23 13,87 10,57 11,64
8,18 7,37 10,1 14,45 8,49 2,57
6,52 8,0 12,83 13,78 2,73 11,41
0,94 4,42 12,09 4,15 1,23 11,51
7,14 8,17 9,06 13,74 11,65 5,51
11,5 4,43 4,1 6,97 7,39 14,35
3,76 12,33 14,13 8,7 14,47 14,11
2,83 4,17 3,83 9,25 2,91 11,92
2,78 2,49 11,3 11,13 8,87 7,61
11,67 11,64 1,11 14,1 6,3 3,98
0,37 5,89 3,01 10,7 3,76 14,44
7,34 14,23 6,33 2,09 2,32 2,43
5,33 14,01 12,4 5,73 0,78 11,78
5,41 0,34 7,87 2,32 4,15 2,96
3,93 2,9 12,43 15,0 4,65 4,84
4,27 2,37 12,11 2,93 9,22 13,35
13,6 11,21 1,61 12,09 12,35 7,57
3,85 11,13 0,18 1,2 13,17 3,64
5,45 1,9 0,23 9,97 2,08 0,03
3,59 3,93 11,29 6,44 6,33 12,85
10,49 2,67 9,68 3,27 13,2 12,85
7,06 2,27 10,89 13,64 10,54 10,84
13,03 2,98 5,26 3,38 9,24 13,1
4,74 14,51 5,63 11,89 1,62 6,84
10,15 11,88 14,22 10,49 12,61 13,15
10,21 4,15 3,42 5,52 9,17 11,9
9,03 4,07 13,14 7,73 6,43 10,45
5,49 13,48 3,88 10,15 7,14 5,26
5,04 12,87 6,22 4,44 11,4 10,25
8,14 0,06 2,52 13,58 12,26 2,25
13,65 11,03 4,88 6,85 3,44 0,24
12,39 0,31 12,01 1,09 0,64 14,82
14,4 3,58 9,31 10,5 8,44 1,87
4,52 3,65 1,9 3,8 5,8 0,2
11,63 13,9 1,64 12,9 4,65 6,47
11,13 14,93 3,34 12,1 3,39 11,82
1,06 12,74 1,42 12,66 11,03 1,26
9,16 10,24 6,66 5,27 12,67 6,16
13,03 9,11 4,36 8,83 10,46 11,28
9,35 3,41 12,41 6,47 13,66 14,25
4,03 8,44 2,79 6,75 4,15 13,18
9,16 14,71 10,66 3,31 8,14 10,4
7,61 0,82 11,11 10,88 11,1 5,84
3,27 4,87 6,11 7,23 0,63 11,0
9,9 1,45 7,07 3,77 5,89 4,73