46
8
11,0 5,55 3,31 2,53 4,73 1,56 3,77 5,32
13,5 9,29 12,29 14,24 9,59 11,49 10,97 6,0
13,71 8,56 10,56 4,52 14,31 6,4 11,18 14,35
6,78 10,77 12,05 6,02 14,4 11,65 10,6 14,99
1,69 7,95 2,48 9,19 12,43 1,23 3,45 10,39
9,49 9,09 14,47 14,7 10,29 6,57 14,91 6,09
2,39 1,04 12,69 4,46 11,81 1,81 13,02 13,65
5,02 3,94 10,12 8,72 1,71 7,81 3,43 9,68
10,42 8,28 13,52 14,59 6,74 12,27 7,22 13,02
9,31 9,58 8,33 1,79 1,53 9,81 3,29 7,88
6,83 12,3 15,0 2,66 12,76 0,61 10,75 1,47
4,72 13,3 4,49 11,45 2,75 13,11 12,83 11,63
8,36 1,54 13,99 11,48 13,73 14,45 14,25 2,99
0,67 7,98 6,86 6,77 14,3 1,63 11,67 8,2
2,11 13,39 3,3 10,78 7,8 5,18 1,67 3,11
4,22 4,99 4,55 1,66 4,55 6,96 2,04 4,09
6,9 13,79 13,69 9,67 3,54 13,53 0,82 12,83
10,06 7,1 0,43 4,45 8,99 2,38 11,02 1,04
9,82 10,8 2,16 13,34 9,04 6,93 7,61 11,83
4,94 7,08 7,13 5,63 10,88 13,25 2,5 0,2
10,94 8,69 1,64 8,36 14,65 11,86 10,11 2,24
12,12 3,77 6,16 11,34 2,22 2,7 1,1 14,02
9,28 9,7 5,91 2,5 14,12 14,91 3,76 7,77
10,69 12,62 2,5 5,53 0,44 10,68 5,37 10,48
6,18 6,19 12,0 4,03 10,38 13,01 12,69 11,3
1,79 4,09 13,23 12,56 7,75 13,89 13,37 3,61
3,63 2,63 10,3 0,27 5,29 8,47 5,72 3,19
1,9 11,57 4,58 4,84 1,09 5,81 12,73 2,09
2,37 4,28 12,44 6,71 12,91 2,01 11,45 9,68
9,48 3,38 4,57 11,52 11,96 1,68 10,42 7,03
6,74 9,16 8,64 0,96 9,15 10,81 10,34 14,97
5,13 3,74 11,97 2,48 4,29 10,41 4,33 9,98
10,18 2,23 14,86 0,48 2,01 10,55 11,48 10,78
14,91 13,11 0,67 1,08 13,78 0,92 12,88 5,53
7,6 5,99 0,87 0,87 11,04 7,41 7,57 5,15
2,14 7,6 1,14 2,4 7,05 6,26 7,56 9,85
13,5 9,37 5,64 4,48 0,35 4,05 10,25 9,36
7,92 6,65 13,1 14,46 4,78 11,86 10,03 3,93
4,87 8,59 13,17 11,02 0,97 1,83 10,76 3,03
9,65 13,36 0,66 12,32 12,73 13,75 1,73 14,81
3,01 11,65 14,88 8,15 8,21 4,11 0,21 0,08
6,62 10,03 4,15 11,02 6,41 10,26 1,47 11,83
2,94 0,4 1,43 8,86 10,11 2,93 1,19 14,08
3,24 11,39 14,14 7,69 2,72 0,94 14,22 4,32
10,9 13,55 9,51 4,06 1,89 11,07 3,6 3,05
12,0 8,58 13,26 14,89 8,94 10,25 14,03 2,07