174
8
14,35 12,75 10,26 3,17 12,22 8,72 8,03 5,04
12,43 2,01 9,85 1,3 9,71 0,71 14,37 9,09
13,12 14,8 0,9 0,32 14,73 8,73 10,5 3,54
8,18 4,49 1,18 13,29 11,7 12,77 4,62 10,7
7,75 9,77 2,41 9,34 0,14 6,59 3,58 4,03
6,53 9,8 5,59 6,08 6,73 4,39 0,16 3,22
7,13 7,82 12,07 5,82 8,61 6,36 11,8 14,16
14,93 6,5 11,68 13,69 6,94 10,99 0,74 2,47
10,09 8,34 11,28 9,46 9,89 5,19 1,56 7,04
2,41 11,16 6,67 4,76 7,25 11,09 13,54 12,14
9,05 2,6 7,12 10,81 4,82 10,63 10,28 10,02
5,21 7,12 9,82 11,43 5,47 9,92 11,13 10,91
14,38 9,74 0,98 3,74 9,33 12,54 7,01 12,62
7,52 6,01 0,46 12,89 5,12 3,25 14,44 5,82
3,81 8,99 9,34 13,89 10,67 1,15 6,8 4,0
9,17 1,41 5,77 2,54 8,42 12,27 8,15 7,22
5,67 8,28 8,27 11,59 7,76 6,25 10,04 9,56
1,39 3,93 9,86 5,83 6,79 13,08 13,94 11,86
3,56 8,5 5,75 10,67 5,09 14,36 5,06 4,53
10,65 4,89 7,95 3,82 8,77 4,74 7,52 14,98
6,65 11,79 12,82 5,61 14,15 0,58 6,7 5,92
12,21 0,61 8,47 2,86 7,83 2,35 13,49 14,5
7,04 8,28 13,21 12,65 10,3 13,7 10,98 14,03
10,49 4,44 3,68 7,47 11,69 9,96 13,54 10,21
11,39 0,71 7,07 5,12 4,39 4,72 13,78 9,21
7,72 13,97 9,03 11,49 12,21 7,14 2,83 5,75
13,23 10,44 9,71 1,6 1,81 11,81 13,06 12,89
0,47 7,56 4,53 3,1 10,96 7,42 10,95 1,97
3,39 13,32 10,91 14,67 1,69 2,12 14,05 13,98
2,41 5,09 9,85 8,34 13,77 7,09 1,62 2,13
6,84 4,54 12,35 13,91 3,51 1,65 9,59 12,24
5,63 6,75 7,96 8,09 6,46 0,36 9,5 4,29
6,65 14,02 8,17 14,64 4,31 10,27 3,75 13,52
4,32 8,28 7,66 6,83 6,3 7,86 2,58 2,33
7,45 0,22 10,06 6,79 9,72 11,83 12,25 10,43
3,03 0,03 0,23 10,62 9,16 8,76 12,66 8,47
8,21 6,38 11,76 5,64 3,25 7,07 14,49 2,74
6,88 14,43 12,64 3,65 14,07 12,71 3,36 11,24
5,77 13,55 1,78 13,64 1,34 12,2 11,7 5,96
14,01 6,56 5,65 2,35 14,07 14,24 14,52 5,79
1,0 1,11 3,22 9,44 9,31 14,54 14,81 13,05
1,84 4,93 1,71 12,07 0,83 10,2 4,12 9,9
1,07 7,91 7,37 10,92 6,26 8,97 7,47 2,94
2,56 0,79 5,66 12,88 0,32 2,49 10,26 4,27
0,21 12,78 11,6 7,61 9,53 1,28 4,84 2,77
12,49 9,54 8,67 1,19 12,83 5,85 5,96 12,14
7,38 4,84 11,84 10,86 8,25 7,6 9,92 4,74
12,72 4,01 3,94 7,73 14,56 11,3 14,44 13,44
1,01 11,25 6,36 11,29 2,03 10,17 10,76 13,61
4,74 6,14 5,9 12,88 1,31 6,85 9,43 9,57
11,34 9,61 10,5 4,8 12,55 12,54 1,08 0,37
4,71 5,15 6,46 10,29 10,28 13,51 3,91 11,12
3,23 7,89 3,08 7,85 14,73 5,62 6,38 4,83
6,79 9,43 7,38 5,55 1,32 4,91 12,13 6,76
4,91 14,02 9,19 12,16 6,21 4,93 5,41 11,33
9,39 5,79 12,72 13,4 2,94 14,53 9,8 2,74
1,66 2,55 4,97 12,88 14,28 9,76 2,35 12,32
6,69 5,44 8,76 2,59 14,16 11,18 1,64 2,13
2,29 6,18 13,37 4,77 9,33 1,59 3,31 4,76
7,73 9,51 12,86 2,29 3,02 5,77 9,49 4,57
3,21 3,75 10,47 14,15 8,79 3,19 13,53 12,97
8,27 5,83 9,05 5,99 8,52 6,32 11,1 9,16
10,55 8,39 4,87 8,0 11,59 5,46 5,05 11,99
11,19 15,0 3,47 4,26 6,38 10,22 12,12 9,42
2,78 13,89 10,53 13,12 1,97 12,07 0,55 8,42
13,91 9,66 7,9 1,8 13,31 5,19 8,86 10,89
8,36 7,0 8,99 0,97 0,76 14,47 14,43 4,32
13,47 10,29 9,01 2,47 4,66 4,42 6,55 10,97
7,36 2,79 9,88 14,92 9,49 3,57 4,07 7,73
9,28 12,66 13,24 5,82 9,42 3,3 9,9 10,14
4,25 10,98 5,62 9,18 11,65 14,07 6,96 9,07
4,99 13,8 4,66 14,25 3,62 14,92 8,03 8,82
9,43 13,75 13,71 11,6 0,23 1,75 4,05 1,2
13,84 9,88 10,49 4,46 6,76 2,17 3,36 7,46
0,94 0,57 14,58 2,37 11,84 14,37 6,07 11,69
3,99 3,68 5,99 12,63 12,42 0,74 9,98 8,36
11,28 7,86 14,49 11,56 14,18 1,36 12,85 12,18
5,09 7,89 4,94 1,11 13,27 1,92 9,41 7,99
14,52 10,21 8,85 7,81 2,22 4,81 8,97 1,68
7,84 9,55 5,46 11,19 2,64 4,5 6,96 5,92
12,95 12,95 5,23 7,42 10,99 3,09 12,16 4,85
13,48 11,61 2,55 14,6 9,86 0,13 8,22 4,37
4,95 1,35 10,27 0,86 2,97 13,86 4,49 8,97
4,77 9,69 11,65 3,86 1,49 5,52 6,03 13,92
14,38 2,51 14,51 5,21 0,96 2,57 5,29 2,33
11,62 8,94 3,6 2,19 3,86 12,18 3,16 8,61
10,94 10,94 8,87 12,71 5,43 4,83 2,18 4,61
2,39 3,15 8,04 0,88 1,88 7,9 3,49 7,45
12,26 2,94 3,74 4,54 2,61 0,45 2,21 6,19
13,68 6,61 4,17 8,37 8,7 11,88 8,06 9,15
2,12 6,49 9,13 10,66 14,61 9,53 14,96 11,09
8,4 7,31 2,12 2,13 1,1 10,02 5,04 0,85
7,97 7,94 9,05 5,45 14,47 9,0 1,17 9,2
11,62 13,15 6,23 13,31 8,94 12,5 5,41 2,39
12,5 3,72 2,96 0,24 12,54 0,7 6,0 5,4
7,35 6,39 12,19 12,67 9,99 5,36 11,92 9,8
7,46 1,13 9,45 3,19 10,74 3,76 5,73 3,25
13,99 5,18 14,82 5,66 13,61 3,61 4,06 5,85
1,39 12,4 7,54 14,24 13,17 9,44 13,24 13,9
14,06 1,74 3,04 10,05 2,86 2,65 10,19 12,9
3,06 10,51 8,73 14,05 10,4 2,93 1,39 10,32
8,52 1,7 3,0 8,89 14,78 7,02 12,24 12,19
4,4 5,8 12,45 9,97 4,82 10,4 8,51 4,06
2,13 2,03 6,19 8,74 6,37 8,99 5,63 1,47
5,47 0,11 12,67 11,04 14,08 5,63 8,43 11,58
9,35 0,75 12,14 12,68 8,13 7,37 9,36 13,48
12,95 11,8 12,51 4,06 10,85 2,74 1,9 8,41
11,5 5,98 12,52 1,94 2,92 1,04 0,74 7,55
14,14 10,66 10,79 8,58 7,4 11,53 5,91 0,7
1,05 9,15 8,06 4,14 12,84 6,6 14,39 1,79
5,56 11,89 12,01 14,26 12,88 6,32 10,75 11,24
0,07 10,44 2,5 9,91 3,85 0,38 12,34 10,29
4,45 5,31 8,47 9,89 1,37 6,96 6,54 13,26
3,09 4,24 12,71 2,37 13,66 8,62 5,28 13,05
11,51 8,73 4,56 13,35 14,28 3,23 3,72 13,98
1,62 12,27 8,98 14,22 9,41 12,15 8,0 14,67
8,89 6,14 10,24 5,45 8,33 6,31 7,7 2,67
13,67 12,64 3,84 13,62 5,74 13,97 3,02 8,31
14,27 3,09 2,57 1,29 6,54 1,6 13,29 7,67
13,88 7,4 11,77 7,08 13,86 12,82 1,55 1,6
1,42 5,27 7,88 12,98 4,88 14,08 4,27 0,5
12,55 7,71 8,21 12,75 14,79 1,77 10,13 7,76
8,12 6,04 1,85 12,17 13,1 14,67 14,39 2,75
7,63 8,87 1,05 14,5 2,04 13,37 8,53 2,74
11,26 0,5 10,84 7,69 2,68 0,76 14,99 7,99
9,78 3,57 13,49 9,13 5,18 12,85 7,81 8,69
7,71 9,98 8,21 3,68 6,64 4,2 14,08 13,05
5,73 0,68 3,83 4,89 4,57 10,83 5,87 6,54
7,09 8,39 1,89 3,46 7,65 5,22 3,97 14,9
12,13 9,77 13,77 9,17 6,66 10,82 11,51 5,42
7,52 4,34 12,96 0,15 6,49 13,43 12,3 4,14
1,52 0,51 4,8 9,56 12,31 11,62 4,33 4,45
6,81 7,14 6,16 7,43 3,83 2,13 12,34 12,59
2,91 5,18 10,53 14,66 11,32 9,06 9,3 0,7
2,38 6,77 3,27 1,22 6,96 4,49 14,87 11,54
6,77 0,69 11,37 0,99 11,21 6,55 12,17 0,48
12,94 9,55 8,02 13,79 1,5 2,88 7,32 13,36
14,13 12,34 13,77 8,6 9,12 10,09 9,93 6,07
2,96 14,41 5,81 9,69 0,26 4,23 11,23 10,75
9,7 13,52 2,11 1,75 13,58 9,22 14,35 11,26
5,23 2,25 6,97 2,32 0,7 2,92 12,74 5,57
2,86 0,51 9,12 11,74 5,06 0,58 9,62 3,38
4,76 6,05 5,27 9,46 14,02 10,24 13,24 2,21
5,79 6,29 14,83 8,13 12,21 0,78 3,85 14,66
9,52 5,6 4,14 10,87 0,84 4,07 9,29 8,46
6,22 10,77 4,15 2,95 9,07 11,02 8,05 9,77
9,01 6,68 6,5 1,18 3,45 3,54 5,23 3,77
8,37 8,9 9,49 1,66 8,86 11,1 7,81 7,02
5,49 9,95 13,94 2,18 13,94 2,12 0,83 14,31
0,4 9,01 2,71 5,38 14,83 9,45 11,83 10,0
12,03 11,18 9,59 11,23 11,72 12,84 12,24 10,96
0,89 8,28 3,6 7,32 9,59 9,1 10,29 2,01
1,17 5,63 6,14 2,68 14,67 7,43 12,01 13,76
5,14 11,77 9,72 2,84 3,43 9,43 11,84 12,74
13,4 0,17 13,55 7,35 11,03 3,58 7,18 7,02
4,12 7,27 7,22 12,82 12,07 0,29 1,01 1,4
11,36 10,15 4,26 3,04 13,78 1,65 9,88 5,08
0,96 4,75 10,23 14,68 11,56 13,82 11,41 1,46
7,9 5,04 0,42 14,4 8,62 0,31 11,28 1,62
12,99 4,8 6,21 14,92 13,84 4,59 6,63 1,21
5,94 7,11 8,14 5,46 11,29 2,16 14,16 2,86
4,25 11,35 4,42 6,05 11,89 4,36 11,34 3,79
1,87 4,79 6,01 4,41 4,2 10,69 8,75 2,51
6,05 3,14 7,74 14,58 8,74 9,55 12,14 14,15
7,77 3,21 8,68 5,22 6,59 11,34 13,32 5,25
0,12 3,39 1,96 14,73 4,0 9,95 1,48 13,77
9,59 0,63 0,05 7,45 1,44 14,86 4,67 9,93
11,26 10,29 2,9 3,18 0,57 4,75 7,45 3,23
1,34 4,8 7,54 5,03 11,22 4,46 3,71 12,28
13,26 2,05 5,24 13,88 0,1 0,13 13,55 12,58
3,93 8,1 10,2 2,23 1,85 13,26 2,3 8,32
12,08 9,63 2,06 5,44 4,25 11,96 1,48 12,31
12,56 9,68 4,98 13,63 6,69 1,32 13,81 5,88
8,31 9,94 5,56 7,07 8,08 9,74 14,41 1,96