24
4
10,08 6,84 12,51 12,73
1,45 0,78 14,3 7,76
13,44 1,62 10,46 12,54
11,44 8,27 11,3 4,0
14,63 3,31 3,69 3,23
14,42 11,13 3,94 6,21
2,8 1,86 12,96 10,08
8,75 4,18 3,31 5,36
11,48 4,18 14,92 0,43
7,76 4,99 0,82 7,7
1,69 13,12 14,75 14,3
8,99 1,01 8,65 11,53
14,17 6,03 12,88 14,04
5,88 4,75 7,56 8,26
8,29 13,02 8,24 9,3
6,9 2,54 10,43 2,11
14,92 11,49 6,68 8,72
14,46 12,66 8,1 9,11
12,69 0,95 1,74 0,92
7,9 3,59 13,4 5,91
1,79 11,44 4,12 5,66
11,71 3,97 8,39 14,38
11,42 1,72 12,31 0,73
3,62 0,69 8,19 12,0