179
3
6,45 12,28 0,94
1,89 12,46 2,27
4,1 8,11 14,12
5,83 7,43 3,49
9,52 5,06 4,13
1,64 1,41 5,42
13,26 4,69 8,89
0,42 13,45 11,97
14,8 6,07 9,32
8,74 4,69 4,31
1,09 14,16 8,23
14,38 13,39 2,21
9,92 13,91 14,6
12,95 7,55 6,4
10,52 2,9 9,28
6,43 8,66 0,47
4,45 11,11 3,57
9,15 9,62 2,6
2,67 7,42 4,76
2,49 6,8 5,14
1,3 13,05 0,29
12,72 13,37 10,86
9,9 5,2 5,38
8,33 0,39 4,19
7,41 14,32 11,6
10,86 6,67 11,9
5,97 7,56 4,19
4,79 8,03 1,37
1,36 8,34 11,11
13,07 4,43 6,1
10,4 11,09 12,21
9,37 9,22 12,08
9,18 2,66 0,2
2,92 5,14 9,81
12,41 6,37 4,02
10,55 11,82 2,68
9,9 1,05 7,92
13,68 3,86 4,28
9,85 1,49 8,51
9,22 2,25 8,93
13,45 5,24 5,77
8,92 1,07 1,99
10,69 1,33 10,26
9,16 7,74 10,85
11,64 1,2 2,65
2,15 6,54 11,53
5,01 11,54 6,14
11,76 11,43 7,71
0,0 6,08 13,92
8,04 12,91 14,26
0,89 1,58 5,71
1,87 2,71 2,35
5,39 12,5 8,95
8,84 11,69 10,95
11,15 1,72 7,51
0,83 1,25 1,41
10,44 8,31 7,78
6,4 5,83 14,54
5,54 6,18 10,21
14,15 8,34 7,98
10,35 6,56 12,77
6,43 0,56 11,56
5,93 2,22 9,75
9,26 1,9 7,57
8,67 7,96 10,09
0,84 8,6 5,44
6,96 4,41 13,72
12,55 12,7 9,41
12,27 6,24 0,48
5,81 14,73 2,11
7,2 8,15 6,67
11,73 10,48 12,27
3,94 1,09 7,86
10,2 8,65 2,55
11,1 2,67 0,4
2,18 4,53 14,44
14,23 7,11 7,48
11,57 11,85 8,2
1,45 9,83 1,11
4,01 14,99 8,24
13,55 10,47 8,63
2,21 9,99 7,26
10,67 13,35 4,23
5,83 5,43 5,38
8,35 14,95 11,55
11,92 14,63 11,03
4,37 5,29 7,5
7,03 14,02 7,53
10,54 4,37 5,57
12,53 10,44 4,58
2,28 5,72 14,47
3,86 3,71 6,96
5,81 5,68 4,91
11,79 11,75 6,82
8,88 8,36 1,41
0,21 3,18 5,28
0,73 13,3 1,78
0,59 14,89 14,12
0,3 0,87 6,53
5,86 2,62 11,15
2,22 5,74 3,39
14,45 4,27 12,26
9,31 1,1 8,55
2,4 14,79 5,53
3,0 8,93 8,93
9,7 6,49 12,16
7,02 10,07 8,28
4,14 2,4 2,41
0,68 1,08 14,31
14,92 9,41 1,31
11,86 4,64 9,0
7,96 14,02 13,28
0,45 14,04 3,09
5,99 12,84 13,47
4,72 10,07 10,93
13,68 1,96 2,99
4,33 1,21 9,51
14,17 13,46 3,77
6,16 5,85 11,09
13,31 12,38 0,14
10,2 0,64 6,36
4,35 5,44 1,29
10,56 13,02 5,74
14,91 10,47 0,96
14,47 6,18 14,25
8,79 5,84 2,54
4,6 6,57 2,79
7,86 10,36 3,1
9,32 13,38 8,4
8,5 13,0 4,86
12,27 13,46 12,11
4,79 0,9 6,47
7,8 12,66 13,85
9,83 2,45 4,32
13,31 3,57 8,16
8,69 10,53 10,0
9,42 4,36 2,13
6,58 6,12 1,76
7,45 13,12 10,51
13,5 12,46 5,39
14,05 1,08 6,17
10,75 1,26 7,84
14,39 7,97 7,52
8,47 10,15 12,63
12,47 8,02 7,75
13,37 11,68 13,53
14,18 1,33 7,79
6,26 13,52 3,62
1,33 0,71 13,86
3,14 13,82 4,09
1,74 12,03 3,91
7,68 10,28 8,96
14,4 14,01 13,55
15,0 7,9 8,79
11,6 3,58 12,92
7,71 11,54 7,71
3,32 4,14 7,85
9,99 9,05 14,17
12,52 11,03 6,18
4,48 11,16 13,26
12,67 3,87 6,63
0,97 5,26 11,12
7,54 3,41 0,89
5,42 4,01 10,67
4,31 14,82 9,75
13,55 10,33 7,75
5,52 10,55 4,36
13,65 13,75 5,13
8,45 13,41 7,05
10,62 14,88 4,53
3,04 10,47 13,89
12,09 2,48 7,24
12,14 4,84 5,14
3,66 14,12 6,0
9,12 8,08 14,22
6,73 0,19 14,75
0,09 5,94 2,32
4,97 4,05 4,59
11,2 8,74 12,37