193
3
12,41 5,45 2,53
6,75 6,37 4,68
2,38 6,77 8,86
7,49 11,06 5,82
5,14 8,78 12,52
10,64 10,8 3,55
7,59 0,09 9,91
11,95 3,14 11,53
12,47 10,24 5,83
2,23 10,4 11,46
0,05 5,68 11,49
13,09 8,3 9,13
6,6 6,2 1,27
0,09 2,68 4,22
14,79 1,93 13,23
10,11 7,16 10,73
3,36 5,47 9,2
3,74 1,98 1,17
7,38 1,64 6,37
8,02 8,55 8,48
10,19 3,36 10,28
9,67 9,37 12,0
4,99 13,89 8,04
3,43 14,58 8,81
5,95 10,22 9,83
9,72 13,0 2,04
8,78 5,82 10,05
9,43 11,37 14,35
0,75 3,35 9,85
11,2 7,71 8,5
9,68 11,04 14,95
0,32 7,98 0,75
2,24 0,26 9,96
5,9 5,56 1,35
9,74 10,28 4,53
11,88 11,08 14,32
10,08 10,29 9,83
0,4 12,05 7,97
4,87 9,43 8,97
8,55 3,52 4,88
12,13 11,5 0,37
11,01 4,23 6,89
0,18 0,53 12,61
1,8 8,92 8,71
14,56 3,56 8,77
7,21 6,28 5,04
7,58 9,79 11,55
12,38 8,15 14,57
0,49 0,94 13,31
7,62 13,83 8,96
2,04 5,6 4,66
0,1 0,68 0,02
11,31 11,17 7,55
6,96 10,9 3,27
6,93 9,09 5,47
10,75 12,13 0,19
13,31 9,65 1,98
9,35 1,12 5,05
13,68 6,0 4,24
9,45 7,27 5,72
14,43 1,23 0,55
2,0 3,91 11,91
14,03 2,31 9,22
12,18 5,56 9,86
14,33 1,49 5,52
13,57 11,29 6,85
5,25 5,76 2,49
5,27 9,1 5,43
8,27 9,17 8,53
3,56 1,99 3,69
0,37 0,47 2,79
7,47 6,14 3,76
2,24 7,86 6,1
7,34 4,11 3,61
0,58 4,91 12,13
9,18 0,98 14,95
3,14 14,89 1,73
2,28 10,27 13,86
1,76 13,49 13,56
10,15 12,96 5,93
14,38 3,71 12,54
2,01 0,71 11,77
11,17 10,52 10,64
9,24 0,7 7,22
0,91 1,49 0,88
11,01 8,28 2,36
5,82 5,11 10,33
7,08 13,73 0,26
7,46 4,15 12,88
12,0 5,34 13,1
3,99 1,49 11,29
6,76 9,4 3,66
6,28 9,13 13,35
6,74 7,01 4,94
12,46 7,1 1,02
11,45 6,47 9,87
8,22 9,72 5,38
7,69 14,53 11,03
5,37 3,91 4,55
0,95 11,0 14,81
3,45 10,77 14,23
6,64 3,16 10,18
8,89 8,28 4,95
14,98 7,66 8,73
10,55 13,69 13,29
9,8 3,93 9,22
10,4 5,88 11,8
10,05 12,24 7,95
9,23 4,8 14,37
2,28 9,08 11,55
10,64 6,36 12,07
14,16 13,22 2,09
9,04 10,68 7,17
1,55 10,42 6,53
2,12 11,51 2,5
1,05 6,35 1,99
7,55 0,71 7,67
4,6 1,4 14,33
5,55 0,25 8,7
6,12 11,99 7,8
6,47 10,16 11,73
14,83 8,19 8,66
10,69 14,72 2,79
11,68 0,93 12,31
9,04 3,56 6,02
4,52 11,13 6,23
1,55 0,29 3,47
13,89 1,87 9,98
3,7 12,41 4,91
8,13 10,34 6,05
3,87 5,88 4,57
9,38 5,93 7,47
11,17 13,88 10,08
4,7 3,28 14,92
8,34 11,42 13,23
11,03 2,11 3,13
2,81 8,31 14,92
10,21 11,8 9,89
14,87 0,05 4,47
3,91 10,4 11,37
0,09 4,83 9,68
8,72 2,67 11,61
8,73 4,97 7,09
14,09 0,68 2,82
5,13 6,76 4,0
3,7 9,79 0,24
11,29 9,14 13,45
7,12 8,85 9,64
6,85 4,39 14,9
7,9 13,71 7,44
1,96 0,38 11,23
9,99 11,16 13,42
6,87 8,03 9,03
0,87 5,75 7,85
13,19 5,97 1,42
10,01 5,85 8,77
7,93 9,64 14,89
1,93 4,4 2,73
5,98 0,28 9,1
1,91 14,3 8,77
3,15 12,33 12,71
0,46 14,07 0,43
14,17 11,15 8,72
3,66 5,86 9,7
0,7 11,86 7,98
13,24 6,78 6,16
8,63 2,26 1,07
1,78 11,4 6,32
1,98 7,3 6,23
12,15 4,15 10,47
5,92 3,45 11,85
14,05 3,5 14,99
11,22 8,77 8,24
11,39 3,21 7,29
7,77 2,1 1,33
0,26 1,15 6,07
11,22 1,35 14,49
14,23 4,29 1,67
7,18 5,34 12,04
14,7 5,99 7,89
1,37 2,14 6,33
10,5 9,56 5,6
0,81 7,21 9,14
0,71 9,06 10,17
5,29 12,56 1,84
0,27 9,18 7,7
11,5 6,29 5,13
12,16 4,17 13,97
1,18 10,71 4,77
1,9 2,45 10,79
2,83 14,24 12,99
9,69 0,43 15,0
0,03 10,25 14,31