191
8
0,59 8,79 11,57 5,76 3,22 10,59 10,17 6,81
7,68 11,42 12,17 6,43 12,99 13,91 14,04 11,86
5,45 5,84 4,49 7,5 8,71 4,11 6,26 8,9
12,12 4,46 5,13 0,6 13,56 3,26 8,16 4,48
2,98 3,03 3,85 10,95 1,33 9,91 9,14 11,56
11,21 10,36 6,89 13,93 1,71 10,57 1,67 2,16
8,48 8,6 3,25 4,14 11,83 12,78 4,23 13,42
9,17 10,97 13,29 2,5 14,56 0,57 2,84 6,58
15,0 6,02 4,33 3,35 14,27 5,09 10,13 12,99
11,84 5,63 2,5 11,28 8,08 0,3 12,42 2,1
7,51 7,76 10,66 4,39 4,63 13,7 7,09 5,39
14,33 12,03 11,6 4,26 12,38 4,62 13,99 11,46
5,82 14,42 13,22 9,26 10,29 6,91 6,33 14,2
7,9 6,49 8,87 8,0 7,34 8,78 7,28 7,4
13,5 10,73 10,25 7,73 2,62 5,6 2,09 13,99
8,7 13,05 10,23 6,12 4,3 0,01 3,94 7,63
0,57 13,71 3,92 8,87 8,34 6,74 3,3 3,42
9,73 12,36 5,85 1,34 5,28 9,57 3,7 11,5
3,25 11,29 12,78 4,31 8,75 7,52 11,98 0,88
5,69 14,03 3,8 0,78 6,33 9,72 10,63 11,32
4,19 3,95 4,48 11,99 3,19 10,27 7,85 8,11
4,03 0,95 0,2 13,29 11,02 3,42 4,58 2,89
4,8 0,14 7,65 0,79 5,65 14,09 8,32 10,33
8,2 7,42 5,33 5,35 11,75 4,02 7,02 0,66
3,8 5,04 11,55 9,0 14,62 3,85 9,33 4,38
5,76 13,64 12,93 14,69 11,74 0,39 0,69 9,45
14,46 3,76 14,31 11,28 11,3 4,73 6,69 13,16
0,41 11,23 11,01 11,01 1,7 13,0 12,73 12,58
1,82 7,57 12,85 1,26 2,47 13,77 8,69 11,67
0,23 5,19 1,09 3,25 11,86 2,2 9,25 8,01
8,55 4,65 10,4 8,34 3,48 13,56 8,1 6,0
1,67 5,83 5,07 7,36 14,47 0,36 10,2 9,62
4,57 2,24 8,29 7,26 3,51 7,9 9,99 14,8
13,53 11,58 5,47 9,0 11,64 13,63 4,49 9,96
8,67 2,98 12,73 8,21 13,39 8,74 3,54 2,55
9,74 1,44 1,89 13,77 8,05 7,96 10,46 13,04
14,86 12,38 9,66 12,48 10,41 1,13 6,92 7,99
10,44 1,5 11,5 5,0 9,41 7,65 4,51 2,95
11,48 5,08 3,71 8,36 9,72 2,8 13,79 0,8
14,92 8,77 14,5 2,03 8,8 11,16 2,58 9,32
5,56 5,93 9,72 12,85 8,95 5,75 5,34 2,68
9,75 12,32 0,16 2,17 14,31 7,11 5,86 12,82
14,4 1,06 14,11 11,38 2,08 9,35 11,65 12,64
6,33 9,65 5,95 13,9 8,22 3,84 3,6 1,04
5,41 2,87 3,62 9,31 13,75 11,58 11,05 14,51
9,04 9,2 14,77 7,05 10,27 2,05 7,36 9,15
5,62 0,61 4,3 9,43 4,37 3,36 0,71 2,58
1,02 11,61 9,76 6,43 0,16 10,41 8,33 3,45
0,98 0,48 12,29 8,23 4,25 10,27 13,25 2,03
5,96 14,64 5,38 3,3 7,72 11,23 13,5 6,35
8,94 12,33 14,17 11,04 4,46 11,52 14,98 1,92
5,28 10,36 1,99 6,63 8,21 14,87 8,29 6,89
7,56 4,33 10,74 12,54 1,28 7,61 9,77 1,47
2,09 7,22 9,08 11,83 11,45 7,68 4,11 3,57
6,99 13,84 6,29 12,28 0,9 2,8 5,04 8,43
13,61 3,46 13,58 10,37 10,9 9,61 12,15 0,02
10,39 3,3 4,66 12,6 5,39 0,88 13,34 11,15
5,18 3,84 9,08 2,44 10,71 4,6 3,31 14,81
6,25 3,13 12,49 8,23 4,21 10,81 8,27 14,6
1,26 12,37 14,55 11,56 10,68 2,76 12,97 3,04
4,46 2,37 4,95 0,4 7,84 1,14 8,27 10,46
1,31 9,65 5,22 11,64 0,8 11,57 5,41 2,48
1,91 8,77 14,25 10,78 13,29 1,89 2,86 12,64
11,97 2,75 3,21 5,27 14,39 0,01 0,71 4,7
0,24 6,59 13,6 5,58 5,1 10,82 1,64 7,38
7,77 7,73 12,68 6,69 0,41 5,76 8,51 5,33
4,2 2,47 6,66 11,76 14,2 12,77 6,35 8,76
2,32 13,58 4,39 9,31 3,03 9,33 8,11 8,87
3,56 8,93 14,81 3,23 1,7 0,41 7,8 5,17
12,1 3,49 14,18 4,89 1,3 0,13 9,53 8,47
0,79 5,14 9,02 14,45 8,39 9,89 5,62 9,45
1,9 13,3 1,59 4,59 0,19 13,53 9,29 13,4
4,69 1,7 10,29 10,77 11,08 0,63 8,73 0,49
5,69 8,28 5,24 5,01 5,23 12,5 7,25 11,79
10,35 7,27 12,29 1,65 7,44 0,24 3,11 1,03
7,97 2,52 1,68 14,81 11,45 11,11 12,8 1,02
7,93 9,37 2,52 14,98 4,39 6,43 10,1 4,14
10,08 14,48 8,03 12,2 0,29 10,96 4,78 4,54
0,36 7,89 0,85 3,06 14,86 6,97 6,36 0,61
3,9 8,17 12,85 8,25 10,68 8,5 2,36 1,28
7,05 9,95 13,69 4,28 0,58 2,09 11,15 6,84
12,53 7,76 3,6 0,09 12,52 4,48 2,95 9,73
1,02 8,36 13,57 3,35 0,06 6,75 14,93 2,05
8,69 10,13 8,62 10,46 6,77 8,56 3,66 6,87
9,97 14,67 2,49 11,54 2,22 9,66 7,27 14,36
1,55 0,57 5,83 6,42 10,1 2,96 2,16 1,75
6,35 10,77 3,37 11,84 3,13 13,64 1,3 0,89
5,24 6,03 4,24 9,76 10,58 12,06 10,69 9,15
9,76 12,21 0,19 7,5 9,84 14,88 14,25 3,0
4,7 1,31 9,62 4,67 13,93 9,23 14,66 10,92
11,06 4,39 11,94 2,69 5,68 14,19 6,45 3,93
14,96 5,62 12,25 0,66 10,81 4,73 6,5 7,83
13,72 0,01 2,25 11,58 0,99 10,97 1,19 14,27
10,02 4,02 8,01 7,73 13,82 11,33 10,2 0,12
14,33 12,13 14,39 13,12 11,43 0,79 0,01 2,55
2,16 6,47 11,49 2,59 0,8 13,06 7,25 13,69
7,56 3,94 3,84 13,54 2,36 7,64 14,33 14,36
0,09 12,74 1,78 1,59 1,44 9,14 12,11 6,65
10,66 9,99 9,17 2,55 8,63 14,31 13,27 4,78
6,58 13,0 11,2 0,34 11,17 1,68 6,83 13,33
0,38 7,6 6,7 14,89 13,57 0,12 5,21 13,36
8,31 14,45 3,11 5,66 9,25 13,48 1,69 8,95
4,34 8,49 7,73 6,16 13,89 8,52 7,85 4,73
3,5 1,66 10,84 13,11 8,83 13,71 8,9 12,71
2,88 3,64 13,97 8,64 14,96 14,92 14,83 1,27
3,35 6,2 11,33 12,51 7,3 14,6 0,72 11,39
14,5 3,39 13,56 12,11 14,75 6,77 4,92 4,95
10,66 14,69 8,79 8,55 6,37 11,61 4,03 5,83
6,45 7,35 10,7 3,91 9,22 11,19 0,15 11,16
12,62 10,49 0,48 13,07 3,12 4,4 4,02 12,53
0,32 7,42 4,51 6,31 8,84 7,53 4,17 4,93
2,2 7,61 10,74 5,39 9,77 9,39 2,54 8,82
8,36 0,33 13,39 7,2 12,86 1,95 8,97 9,81
14,4 3,66 4,74 6,76 5,8 0,59 1,29 11,64
3,58 4,0 9,91 9,23 10,14 14,13 4,74 12,0
11,17 12,39 0,79 2,77 3,05 1,44 13,95 4,1
14,23 13,05 3,19 6,06 10,07 7,78 7,38 0,12
4,82 11,37 13,86 9,27 3,17 8,65 1,09 2,22
14,32 7,65 12,03 4,56 2,02 14,8 13,31 1,02
9,99 7,34 10,84 10,43 12,31 7,78 2,82 13,41
14,7 3,95 2,1 6,83 8,1 1,97 4,1 3,86
3,18 9,2 13,3 3,3 1,67 8,14 12,56 14,69
7,56 5,68 1,69 0,83 3,27 1,58 8,0 13,1
7,09 4,2 4,07 6,38 11,25 3,76 11,66 9,27
7,29 2,39 13,33 13,25 3,33 11,07 2,85 12,83
3,31 0,58 4,25 13,07 14,3 9,37 10,92 9,28
5,33 5,67 4,13 4,9 7,85 13,2 0,85 1,69
4,82 5,54 13,72 6,68 7,55 7,05 3,38 10,63
1,64 5,07 8,54 6,53 14,71 2,02 5,35 4,67
6,19 1,93 11,12 11,86 6,1 13,87 3,42 5,14
8,9 9,7 13,7 3,81 13,8 8,39 12,75 7,86
3,66 4,5 3,45 11,29 5,18 2,44 10,26 3,82
0,07 2,79 12,9 10,56 9,55 6,69 14,23 12,08
3,85 1,51 11,01 4,86 5,17 13,38 13,57 9,61
13,91 12,91 7,52 12,93 6,33 6,06 0,94 11,2
0,33 5,03 9,66 7,89 9,65 1,43 9,27 4,68
11,87 4,93 0,16 4,71 0,45 11,06 13,4 11,32
14,45 13,32 4,43 2,57 5,56 1,43 1,56 4,27
3,23 4,26 2,5 4,27 3,59 13,45 6,73 6,83
11,58 14,34 1,36 2,55 0,53 12,87 8,54 3,12
8,71 5,27 8,3 10,02 3,98 10,66 2,81 9,1
4,52 2,66 9,61 1,95 5,27 8,84 9,07 6,54
10,9 8,8 11,67 4,34 6,51 0,88 13,54 10,36
1,15 10,56 13,86 6,9 2,56 4,72 3,64 7,74
1,83 0,17 12,06 0,46 2,32 3,12 14,49 5,74
4,2 3,66 2,27 5,68 6,89 9,38 3,38 1,02
10,63 7,14 5,12 5,39 13,81 2,05 0,58 3,64
4,26 0,83 9,42 12,98 4,04 12,8 7,03 14,65
5,54 2,59 7,32 3,26 7,11 7,98 12,89 2,66
10,3 2,14 7,62 13,25 9,42 9,59 1,88 9,38
4,12 10,28 0,17 14,8 7,58 1,67 5,0 6,73
5,19 8,89 12,36 11,5 7,21 5,18 0,35 1,95
2,6 4,81 5,83 10,07 1,5 11,74 8,69 8,82
7,17 14,14 14,75 1,25 9,1 11,34 3,83 9,75
10,24 11,25 7,02 0,32 3,24 8,35 6,06 10,42
6,15 3,17 11,5 12,77 8,93 9,3 1,0 2,94
9,34 0,24 6,69 13,83 1,28 13,33 11,66 14,96
1,39 14,12 9,89 11,06 1,51 3,53 1,18 10,54
3,85 0,89 11,35 1,92 1,29 4,91 7,12 0,32
6,25 8,9 0,06 2,06 1,2 7,61 2,95 0,73
9,3 6,32 13,14 11,92 4,83 5,08 11,87 11,5
12,62 14,78 12,19 0,48 10,03 3,28 0,49 7,78
11,52 14,8 3,09 5,73 2,9 8,37 2,67 1,05
6,15 10,26 3,98 1,63 7,78 4,12 4,12 7,04
11,26 4,95 5,61 6,28 9,39 5,98 7,33 3,91
14,08 8,3 8,48 10,76 14,57 8,66 9,35 14,86
13,98 3,44 5,36 12,21 11,17 13,62 0,85 0,15
8,03 11,17 11,8 11,19 3,46 8,98 3,13 1,26
13,84 3,04 10,96 0,7 2,32 4,49 8,36 7,48
5,52 0,22 7,32 3,39 2,56 8,19 8,94 14,86
14,04 3,12 9,06 1,3 0,28 1,94 3,24 3,2
5,24 8,86 13,62 6,28 6,79 6,2 13,63 3,13
13,77 6,71 13,16 6,95 12,36 14,29 1,94 0,47
6,31 8,5 14,82 11,12 14,7 9,14 13,82 8,04
11,7 2,75 1,69 13,01 14,15 3,09 11,58 14,81
13,02 12,09 4,73 5,81 6,33 8,61 0,87 11,94
10,22 7,6 4,17 1,04 12,15 4,75 12,67 5,2
5,9 14,41 4,19 5,17 13,01 3,1 10,51 4,4
8,22 11,13 3,63 10,07 4,61 3,5 10,15 14,3
11,15 5,69 3,45 7,14 11,75 4,53 13,34 2,06
14,68 8,92 9,07 6,95 2,77 1,79 12,88 8,11
2,24 5,41 2,05 1,87 8,89 11,72 3,57 6,14
13,29 9,67 1,96 6,79 10,72 2,09 13,17 6,7
3,21 6,68 9,57 4,65 14,55 13,48 7,01 12,25
4,19 4,74 12,61 14,68 10,18 8,59 11,46 7,81
5,86 11,46 3,54 9,09 8,03 7,95 14,17 7,45
4,07 13,68 11,61 9,6 2,49 6,3 0,86 9,11
6,81 10,15 1,41 7,65 7,93 2,8 1,9 3,46
13,06 5,86 4,21 9,55 0,05 11,9 5,48 11,71
8,95 8,78 9,72 9,7 9,82 10,84 14,09 13,75
13,62 4,17 1,43 6,9 1,27 5,79 1,3 9,39