196
2
12,29 7,85
1,04 10,92
11,59 7,3
10,76 5,42
5,58 11,54
5,06 4,51
1,81 9,25
9,3 2,46
6,51 5,09
1,56 13,48
7,61 6,77
11,67 3,15
6,07 12,63
11,63 13,46
3,4 14,81
2,45 3,72
6,28 9,54
1,11 10,2
9,36 6,64
6,66 2,11
8,23 14,93
14,06 3,4
12,12 14,59
10,79 1,45
11,05 5,95
10,9 11,18
4,64 11,18
13,65 11,08
5,72 3,03
1,95 12,46
10,6 6,29
6,42 14,43
9,17 0,66
2,93 4,2
8,21 7,04
2,41 12,52
8,97 6,57
2,08 0,7
5,79 1,72
0,61 5,93
12,66 1,8
14,41 9,56
2,78 0,41
4,8 3,34
6,94 4,75
10,02 0,67
0,07 1,83
9,55 4,78
0,69 5,78
14,99 4,7
11,42 9,81
3,35 6,73
5,48 11,14
9,67 2,91
11,08 11,92
13,24 8,99
14,35 9,8
12,88 6,66
5,79 9,73
11,66 9,14
6,87 13,2
0,91 5,05
11,96 6,69
1,55 5,16
8,77 11,12
9,96 14,59
6,35 0,6
9,67 4,87
1,64 1,96
7,14 4,07
4,47 7,69
3,86 8,47
8,26 12,21
7,27 10,9
4,99 7,57
1,8 1,28
9,77 0,13
12,34 13,25
12,91 7,46
9,12 0,26
1,43 0,96
12,55 2,05
8,96 2,27
1,01 14,01
13,27 3,56
14,62 3,24
13,84 6,07
14,45 11,73
13,17 14,49
14,62 7,73
4,77 12,4
0,53 11,75
13,59 12,52
5,89 2,98
0,06 2,29
7,42 1,01
4,13 0,68
10,83 4,44
13,62 12,8
2,64 1,87
4,34 12,61
4,59 3,64
10,09 7,67
1,1 8,12
0,51 11,57
13,87 9,02
7,61 12,6
8,22 12,45
12,85 2,11
3,95 9,54
3,17 7,06
9,34 11,19
7,62 2,61
8,14 3,71
12,68 6,88
3,14 5,93
12,73 0,75
4,11 0,22
14,62 10,79
0,82 10,07
0,06 0,27
7,24 0,59
2,37 2,62
8,0 1,05
11,12 7,19
4,0 14,95
1,02 3,61
2,51 4,86
10,14 10,51
14,82 0,24
10,23 11,14
3,21 12,9
9,36 8,98
9,75 8,02
9,76 6,99
14,92 12,76
1,88 14,97
5,0 9,87
0,27 9,57
7,34 3,28
0,81 11,77
0,2 11,1
13,49 7,35
1,36 8,73
5,78 13,49
2,3 11,32
4,29 6,9
10,81 14,4
12,78 2,24
13,02 13,48
4,24 7,93
10,6 2,57
2,22 11,92
6,02 0,78
1,6 3,37
7,37 0,34
7,78 0,49
14,61 12,69
5,06 3,98
14,44 7,4
7,52 6,97
3,48 10,51
5,46 0,79
2,23 5,56
1,75 13,01
0,98 1,2
3,09 14,58
9,21 8,71
14,97 12,07
3,72 5,07
3,9 12,8
14,56 14,15
11,21 5,98
4,2 6,11
6,72 11,51
0,44 5,84
5,74 5,3
3,54 6,41
5,14 1,7
5,42 7,08
7,91 3,95
9,79 10,66
3,55 8,18
6,57 11,94
4,28 1,23
10,52 8,7
14,54 14,98
8,57 3,23
1,67 6,45
1,9 1,96
0,04 0,93
11,74 12,56
12,67 1,22
8,37 5,61
0,57 12,37
6,23 0,29