140
4
12,72 14,9 2,95 5,4
4,98 0,12 10,69 11,12
10,02 0,77 1,97 1,4
9,33 3,22 3,2 14,4
2,83 3,06 2,06 11,1
6,38 9,64 9,74 6,56
6,89 2,13 6,59 9,46
5,88 6,05 8,34 5,94
12,11 8,84 14,06 12,2
2,45 14,93 8,44 2,81
1,35 6,35 7,36 10,0
4,26 7,72 7,65 13,58
8,94 3,34 0,62 2,9
14,72 11,41 7,83 7,81
11,06 4,67 2,21 9,94
9,25 10,79 6,2 1,02
10,25 2,27 6,06 3,42
14,39 10,0 14,17 2,52
10,32 1,13 6,69 7,06
0,78 12,61 10,2 14,18
2,5 14,15 4,05 9,12
6,43 5,13 10,86 3,88
13,85 0,5 9,46 7,81
6,27 9,18 3,82 6,75
7,97 7,25 6,91 0,1
1,63 1,1 10,23 1,07
13,69 11,93 13,35 12,01
11,71 14,6 4,75 4,76
1,42 12,32 0,52 8,05
6,94 8,63 3,81 2,38
8,06 3,04 4,88 2,93
12,06 5,99 8,56 4,84
5,45 14,81 10,65 13,34
7,99 1,13 6,78 6,5
5,23 8,21 5,38 7,37
12,45 8,73 9,4 7,2
0,28 0,09 10,07 11,18
1,08 6,32 1,98 8,78
14,07 14,22 0,84 7,06
2,5 13,03 7,75 13,29
1,77 6,92 14,3 12,38
10,04 1,34 6,85 3,49
2,73 3,83 13,32 1,76
5,15 10,65 7,64 12,93
7,05 6,54 14,53 0,58
9,56 9,74 5,93 7,16
2,38 2,26 10,59 9,67
3,81 12,47 6,19 13,03
5,07 12,73 1,02 1,98
8,19 2,79 8,13 6,28
9,78 11,27 10,66 9,53
14,86 8,26 3,87 11,0
9,94 14,53 7,45 6,8
0,23 1,46 11,5 10,22
9,61 7,16 13,04 9,31
11,61 5,54 4,09 12,34
6,66 12,77 0,58 8,47
5,04 10,57 5,05 8,27
0,14 10,45 0,94 13,36
3,84 0,01 8,0 8,32
4,41 14,25 0,6 14,44
4,87 3,98 13,62 11,77
9,01 4,93 11,02 6,93
1,51 6,32 14,11 10,53
5,44 10,87 1,29 6,16
9,23 14,31 5,43 5,73
3,39 0,32 13,32 13,89
14,71 2,98 13,08 12,9
11,43 3,04 2,29 7,57
5,53 14,64 14,16 5,01
13,84 3,88 6,24 5,16
2,01 11,87 13,02 3,75
10,26 1,12 1,99 6,11
7,34 7,98 7,79 14,17
6,44 4,48 9,23 1,7
5,96 10,44 10,58 0,99
8,38 2,89 12,09 9,65
13,64 3,98 6,95 3,26
0,58 14,11 5,52 5,17
13,57 1,86 9,89 0,48
3,07 8,49 8,01 14,3
7,51 2,81 4,71 8,72
7,41 8,8 5,39 5,15
4,48 13,79 4,71 7,87
9,8 10,56 8,88 12,45
2,74 7,24 3,53 6,61
0,52 0,36 3,22 9,58
1,42 12,0 5,67 1,75
3,45 5,8 10,42 2,93
5,74 10,93 13,01 11,19
1,22 13,44 2,16 12,62
5,41 6,09 12,56 10,02
9,48 4,53 14,77 8,6
9,4 3,11 7,76 3,39
13,55 4,32 3,69 10,31
1,51 1,89 7,31 13,73
7,91 6,64 12,23 4,21
5,41 0,77 8,62 6,8
8,5 1,93 10,19 6,49
9,26 11,18 12,8 11,36
12,23 0,78 2,27 6,99
1,02 12,22 12,88 6,45
12,0 1,07 7,78 0,35
9,91 13,76 1,3 0,22
14,49 2,32 11,04 10,97
8,7 9,36 2,47 2,1
11,9 7,05 3,64 13,86
3,88 3,13 12,56 9,89
4,49 3,64 10,12 0,77
0,75 6,96 7,89 14,05
11,46 11,31 14,44 13,92
14,91 5,6 0,63 13,87
13,05 9,89 1,76 6,06
14,26 9,48 6,33 0,77
8,86 11,84 5,6 2,26
6,46 3,9 8,64 7,22
14,8 3,65 8,1 11,28
8,17 11,2 0,66 8,37
13,37 13,76 6,15 1,08
11,86 12,26 13,67 2,94
7,43 1,72 4,75 10,92
2,48 14,23 14,31 13,42
3,43 12,33 7,29 2,3
14,75 5,59 6,39 3,63
14,11 14,39 3,7 9,18
14,56 2,01 9,96 6,46
3,82 2,61 12,12 0,98
6,87 5,93 8,38 3,48
6,47 11,39 14,39 1,17
4,72 3,77 6,22 0,63
0,85 0,33 5,2 12,28
9,18 3,96 7,81 2,62
11,04 8,79 14,47 10,47
2,25 8,73 8,12 5,02
7,66 1,35 7,19 14,34
14,24 14,46 5,63 4,22
13,47 10,15 6,36 5,37
14,98 2,67 5,38 0,89
4,38 8,7 12,64 2,12
4,47 8,98 8,77 14,06