50
4
10,62 4,43 6,13 6,99
12,3 1,86 13,69 5,0
9,36 4,64 10,43 14,81
0,63 3,74 2,22 9,23
13,57 1,28 5,29 11,68
1,66 9,12 6,09 2,6
7,8 2,78 11,87 8,35
14,82 13,26 0,31 5,39
2,15 0,53 0,87 14,05
2,03 2,77 10,97 13,12
13,32 14,48 9,27 13,93
12,87 11,38 11,78 3,38
0,22 13,04 2,0 14,65
11,01 6,63 8,81 5,81
9,24 4,63 0,53 10,24
0,07 10,68 6,4 10,1
12,87 8,96 8,82 4,39
1,36 12,73 13,67 4,8
12,24 13,42 14,73 6,84
12,96 10,95 8,41 9,02
5,04 12,62 14,86 4,95
14,78 13,96 2,66 2,0
11,75 10,16 4,3 2,41
10,52 14,46 2,4 12,94
8,43 7,55 2,6 6,17
7,82 8,75 12,04 0,6
6,62 3,0 5,81 7,02
3,47 4,88 1,77 12,61
3,56 5,53 4,32 13,07
4,52 1,42 0,49 7,23
5,4 0,25 14,12 12,11
14,87 1,75 2,93 1,24
0,58 14,21 7,67 2,36
2,08 14,64 6,16 7,77
10,12 9,48 0,57 4,93
6,69 13,93 2,89 7,86
8,96 8,71 7,92 8,93
14,43 5,56 14,26 13,9
10,31 8,95 8,6 13,01
10,37 7,34 14,91 2,63
6,57 11,74 10,17 7,89
5,06 2,15 11,47 9,26
5,34 2,35 11,11 9,29
3,34 4,83 3,94 4,53
10,81 2,06 14,19 0,6
3,87 14,67 5,45 14,99
2,03 1,01 4,45 9,35
11,6 13,86 4,02 12,73
7,74 14,74 10,35 3,01
3,76 4,15 5,66 6,65