171
5
6,21 4,42 5,18 14,65 10,1
12,5 6,19 0,96 7,78 2,13
2,89 10,7 14,54 1,13 9,01
13,58 12,26 6,61 7,72 5,17
8,46 8,86 3,01 9,1 3,99
11,71 1,75 0,17 13,45 10,19
13,82 9,49 9,25 9,51 0,92
4,99 2,8 3,24 7,5 1,44
6,84 7,62 9,59 4,82 11,73
11,72 15,0 9,96 9,05 5,02
0,84 11,28 10,36 14,99 14,19
9,37 3,0 2,48 12,54 11,26
13,14 9,36 3,07 2,17 2,53
13,88 10,02 7,21 7,94 8,07
9,82 14,23 5,77 2,74 11,6
4,21 6,94 11,96 12,02 8,42
13,63 11,8 9,5 7,72 5,17
10,83 11,22 2,9 11,05 4,04
5,07 6,52 11,63 12,03 10,09
1,53 12,48 7,61 12,9 1,4
0,56 1,22 7,71 13,77 1,52
11,94 11,59 13,15 10,59 6,12
11,17 0,4 4,47 1,31 11,67
0,38 7,45 13,83 3,87 4,65
14,93 14,4 11,37 3,29 12,1
12,68 8,75 5,61 0,01 8,91
14,51 12,03 2,47 4,72 2,9
10,59 2,79 2,38 9,85 1,54
11,48 0,98 14,23 3,14 8,05
13,45 8,78 6,75 1,65 3,71
0,95 9,68 12,31 6,29 1,65
1,61 8,99 11,45 5,57 9,15
4,32 14,83 12,42 8,72 5,68
4,67 7,23 3,42 14,93 3,93
1,92 0,79 7,7 9,32 5,03
2,38 5,04 13,68 0,76 0,27
2,2 0,69 3,07 4,58 3,94
3,39 3,53 14,65 5,84 9,91
11,7 0,89 2,93 14,07 3,72
12,86 4,81 9,92 0,73 10,11
0,72 3,27 12,38 2,34 6,83
11,39 3,33 6,13 7,5 2,41
1,05 3,17 0,58 5,91 3,01
14,91 8,88 11,55 4,09 11,6
8,08 13,16 10,22 14,18 5,02
4,37 11,93 13,34 5,22 6,9
4,51 4,56 3,81 13,58 1,71
8,64 4,9 11,61 4,4 10,97
12,72 6,82 10,57 11,9 6,46
14,45 2,5 0,61 10,8 10,64
2,37 12,44 8,12 14,64 3,31
14,25 5,86 9,42 10,52 10,42
1,54 2,93 13,69 14,51 13,69
11,65 0,46 9,86 8,04 5,64
10,94 12,72 10,42 9,14 9,28
14,48 11,78 5,88 4,91 9,73
3,32 4,13 4,56 5,89 4,87
5,39 11,54 3,14 2,48 7,39
13,02 14,98 10,66 4,33 0,2
1,32 5,43 2,5 4,82 9,46
12,76 11,36 7,87 6,21 5,55
7,05 4,29 14,51 1,05 0,9
13,59 8,11 12,92 4,13 6,34
3,22 13,78 13,44 9,5 11,5
10,23 8,33 13,28 12,52 3,27
8,24 5,75 6,26 5,0 4,97
12,04 13,38 14,74 6,1 8,26
3,9 5,56 13,57 2,16 10,72
0,68 6,51 3,74 5,61 3,47
7,08 12,57 14,02 2,14 5,25
2,41 12,37 5,64 7,16 10,17
4,53 7,97 14,3 3,71 10,8
12,13 7,85 8,08 13,12 14,19
1,98 11,63 3,46 11,69 3,04
2,7 7,37 8,51 10,63 1,69
9,56 2,73 8,44 13,81 10,7
12,96 13,23 9,93 2,38 8,1
2,49 0,31 1,59 2,85 2,91
12,6 13,45 6,99 7,06 8,47
9,66 11,72 14,43 10,62 2,95
7,75 13,49 5,16 10,87 0,81
9,77 14,4 6,95 11,19 14,6
2,62 0,39 4,44 9,46 10,93
12,38 1,27 8,9 7,25 7,76
11,18 0,28 8,43 6,1 7,45
14,53 11,76 4,5 7,09 10,1
9,61 7,74 13,44 3,27 1,19
9,21 14,8 0,17 11,66 6,66
11,89 5,89 1,19 10,72 8,1
6,94 12,75 8,51 8,6 2,56
7,75 7,2 6,25 3,19 12,56
2,29 14,71 13,38 11,57 10,8
3,94 10,71 0,67 0,91 7,97
13,39 1,74 2,23 7,37 7,43
7,33 0,58 7,47 9,97 7,29
11,97 9,49 7,89 11,82 6,58
6,58 0,78 11,13 13,48 2,03
12,66 14,45 10,62 10,77 1,04
8,75 13,11 1,09 10,08 5,23
11,98 6,28 10,34 5,29 10,31
10,83 14,22 6,91 5,03 8,94
1,34 0,32 11,18 12,64 11,24
4,4 9,91 1,86 8,34 8,28
6,64 14,82 3,96 12,82 3,79
1,46 2,88 1,81 12,86 12,3
9,07 11,98 10,11 10,87 2,01
8,67 7,16 8,75 13,72 0,58
11,77 13,02 0,49 2,21 13,59
0,09 10,78 9,33 14,54 14,52
12,98 12,33 13,93 4,61 4,39
3,86 9,41 4,16 1,71 8,1
12,72 0,43 14,72 12,92 5,36
2,1 8,26 12,44 6,01 0,8
9,79 3,07 5,56 13,12 11,82
6,02 3,78 9,57 9,52 3,76
11,72 3,53 10,24 7,35 2,45
10,73 10,06 4,98 12,48 3,3
6,47 5,4 6,7 2,39 1,93
8,75 14,68 3,63 12,83 6,93
2,7 6,34 8,74 12,18 10,38
4,45 11,7 11,5 7,33 12,34
10,52 8,52 5,15 6,65 14,4
7,51 10,59 1,55 9,07 1,63
6,98 0,17 1,72 3,69 6,09
1,8 6,66 0,37 7,64 5,39
6,19 12,89 0,26 7,42 9,11
11,37 11,69 14,46 11,38 2,82
5,51 1,13 14,61 13,11 12,13
9,87 8,13 5,04 5,63 9,51
1,2 5,18 13,69 4,15 4,84
10,99 0,94 0,18 5,21 1,27
5,19 12,09 0,15 12,98 1,57
13,79 11,77 11,01 10,25 7,7
9,69 9,67 7,21 1,58 2,26
7,43 2,11 4,99 0,44 5,5
3,08 6,31 2,34 13,09 0,95
0,23 9,05 3,11 10,98 12,62
12,45 1,77 4,73 5,64 2,66
2,13 6,25 13,62 13,77 3,98
12,05 4,24 4,17 8,57 0,78
11,32 7,38 3,53 4,55 0,4
13,08 2,98 1,89 3,88 13,78
0,57 1,1 0,41 2,08 4,57
2,54 4,73 9,84 7,41 3,24
10,39 4,37 3,94 3,49 13,38
0,72 13,88 2,22 1,32 12,05
3,38 11,14 13,16 5,93 14,28
7,67 10,36 9,9 2,65 1,7
4,12 11,19 13,61 9,69 3,26
9,51 0,25 13,26 14,78 2,15
9,1 2,48 9,36 3,61 4,36
13,17 7,58 8,14 0,21 1,09
9,24 4,53 7,45 2,72 1,78
0,89 6,11 12,87 11,85 2,04
14,91 14,87 13,13 12,45 10,03
8,61 3,39 3,43 13,22 1,03
0,58 12,09 5,61 5,88 1,57
10,66 14,41 12,8 2,14 14,92
7,03 6,41 1,15 3,15 2,88
1,38 0,74 8,48 10,49 1,33
6,98 7,46 13,33 3,15 8,84
0,87 12,65 8,75 12,88 9,71
4,01 3,34 6,81 9,62 8,26
13,57 7,42 13,05 9,59 11,07
3,08 1,87 3,2 11,92 11,04
10,1 5,74 2,66 1,88 13,65
3,22 1,23 7,42 11,4 11,73
11,64 0,93 7,53 7,28 3,37
1,28 6,73 7,48 11,11 2,63
5,69 5,79 1,39 9,04 10,06
8,49 2,38 11,46 0,74 0,97