48
3
9,1 9,54 12,58
0,04 0,29 5,45
6,77 3,54 12,67
0,93 12,3 14,96
12,89 3,33 7,05
3,33 12,8 6,8
4,33 3,44 9,08
10,78 14,3 6,05
5,75 5,63 13,23
1,59 1,05 1,97
6,81 7,96 4,06
7,67 10,31 11,53
11,06 14,5 11,78
6,36 4,8 14,75
7,75 9,78 8,71
10,41 5,15 7,3
7,96 1,2 7,25
10,03 7,45 2,18
5,23 8,12 13,32
7,34 9,63 8,11
14,04 0,38 3,33
12,16 6,3 3,01
11,27 11,69 6,8
1,22 10,69 10,91
0,53 4,47 9,16
1,15 7,19 6,76
14,92 8,58 2,52
10,72 8,31 3,86
3,91 4,11 8,57
14,83 8,47 0,01
5,35 0,81 13,35
13,73 7,01 10,71
6,93 14,0 7,14
0,29 14,98 5,46
1,28 7,03 10,58
7,33 7,96 10,39
4,67 13,34 10,39
6,32 14,15 9,52
14,39 9,53 10,31
4,46 14,69 5,25
6,06 11,38 7,5
4,62 1,0 2,59
13,74 12,74 14,94
7,26 2,8 3,08
2,1 13,81 14,38
0,29 11,37 14,51
6,75 14,46 4,14
4,86 7,83 4,49