66
5
12,97 13,97 11,33 0,27 2,4
9,6 2,74 11,69 12,62 12,93
1,28 14,39 10,91 11,5 2,42
14,9 5,0 12,13 13,76 8,15
8,87 13,69 8,39 13,64 8,26
14,65 3,27 9,87 4,92 10,44
9,58 3,5 6,01 11,11 4,09
2,49 2,77 9,03 0,18 14,39
6,63 1,92 4,38 14,69 10,11
0,32 5,19 13,17 8,9 0,4
13,86 8,88 13,75 12,9 3,18
2,12 3,24 3,97 13,03 5,79
2,33 4,07 13,79 0,93 9,94
1,67 4,94 8,93 6,01 6,63
5,63 1,96 6,73 10,07 12,26
4,8 7,72 2,0 2,44 1,43
6,09 12,68 13,42 7,35 14,96
0,2 12,49 7,67 1,91 0,17
0,16 10,55 4,02 12,99 5,1
1,41 4,76 5,22 8,14 10,89
14,2 7,13 5,29 1,04 0,71
12,61 11,77 11,07 1,7 14,59
9,41 4,57 11,07 1,92 7,51
4,72 5,01 13,66 2,44 1,45
6,0 10,27 13,23 4,97 4,32
4,84 1,66 5,25 0,76 7,57
3,43 1,87 13,08 0,37 4,7
3,83 0,47 10,03 11,07 4,51
0,19 5,58 11,46 3,29 3,45
4,38 7,39 5,63 13,21 14,44
2,22 1,1 3,12 13,0 9,2
2,5 6,63 0,36 6,94 3,37
5,84 14,05 1,95 2,07 8,23
0,4 3,15 4,63 14,56 11,84
6,79 1,2 13,03 1,37 11,45
0,65 7,06 0,27 8,0 2,23
2,13 6,53 6,09 9,52 6,54
5,98 10,14 1,83 1,47 10,38
12,48 1,16 8,5 12,01 12,91
12,42 14,88 11,29 10,42 9,49
11,97 8,4 1,56 9,53 1,63
11,36 9,96 9,67 7,8 6,07
6,49 14,96 12,31 4,74 11,78
2,18 0,02 8,7 7,56 10,19
9,63 13,9 14,18 10,89 14,94
0,54 1,58 4,02 7,66 0,29
14,29 3,29 6,43 4,0 13,11
4,23 4,28 2,18 7,8 7,05
7,67 13,67 13,96 12,73 8,2
9,11 14,81 0,73 14,15 5,47
14,33 14,91 6,27 6,47 12,58
13,32 3,35 13,33 8,61 8,44
11,32 13,85 14,24 0,9 4,4
5,27 11,46 14,43 3,47 4,66
1,77 6,51 6,37 12,85 2,84
1,06 14,47 13,15 8,0 0,83
4,72 10,26 14,64 14,99 9,43
11,36 9,27 3,16 12,76 12,62
10,53 12,52 14,61 11,75 12,33
14,86 7,42 14,41 1,0 3,05
3,48 10,28 13,66 8,71 0,35
14,23 0,85 10,95 3,26 6,32
11,61 11,98 14,7 7,9 9,31
2,78 11,59 9,58 1,81 5,49
4,91 1,84 10,63 0,01 13,01
12,34 9,43 12,31 2,36 9,33