146
8
12,79 11,62 1,56 7,55 10,2 10,95 6,91 11,39
10,67 0,09 0,38 7,12 11,26 4,31 9,28 8,1
2,63 11,84 4,88 4,24 13,98 8,9 12,69 11,45
0,73 6,84 5,08 14,45 7,36 14,87 2,41 12,28
3,82 7,34 6,08 9,18 12,56 4,65 6,05 7,95
5,34 12,97 14,31 9,56 13,25 14,07 8,61 0,85
11,59 13,07 14,08 7,93 7,99 14,33 6,23 13,32
9,25 6,42 3,01 8,99 3,72 1,14 6,14 14,29
11,14 5,04 1,25 4,2 5,47 9,63 10,14 14,12
12,73 11,1 9,83 11,02 8,12 5,94 9,3 1,34
13,15 8,2 12,26 3,78 8,1 6,64 5,4 1,13
2,59 10,94 2,57 14,24 5,49 6,81 5,98 11,6
6,81 8,45 0,2 14,57 3,48 0,5 6,94 7,88
5,81 10,77 7,81 8,63 0,07 7,31 7,5 12,73
5,05 11,06 0,71 7,01 3,59 14,42 13,85 14,13
14,17 7,05 10,49 0,2 10,87 13,71 2,2 11,77
8,38 3,04 5,1 9,57 8,11 11,78 5,58 14,14
10,32 1,76 2,64 8,32 10,8 13,08 1,72 10,28
10,04 1,79 2,95 10,23 2,22 12,88 7,87 13,08
13,0 0,51 0,86 7,12 8,61 4,34 12,38 11,36
2,22 9,41 12,04 1,36 2,64 14,72 5,35 13,03
10,38 13,32 1,02 14,33 0,24 10,08 11,5 13,43
9,36 10,02 14,4 3,16 6,11 6,45 1,16 0,76
5,22 0,94 0,19 3,24 12,63 11,83 3,41 3,3
8,48 5,1 14,94 5,6 6,48 6,16 8,96 4,32
6,07 2,12 2,89 14,13 10,59 6,99 13,84 7,33
12,3 13,92 11,23 4,17 11,28 1,36 9,98 4,27
1,74 1,02 12,93 7,61 10,54 4,11 5,41 3,43
10,75 7,15 12,66 12,85 8,57 5,35 1,99 3,38
3,01 6,09 7,81 8,21 2,57 4,53 7,16 13,9
4,21 12,61 12,51 5,56 11,63 12,33 13,04 14,89
13,02 14,86 12,45 1,55 3,85 4,85 7,27 3,88
6,48 5,67 5,16 4,5 13,44 4,9 6,26 6,88
2,6 9,59 14,21 9,36 2,12 13,17 5,89 8,56
12,31 11,67 8,31 13,01 6,2 11,66 1,62 10,94
11,25 14,99 9,67 6,17 6,95 14,5 9,14 12,86
14,02 6,82 10,78 1,7 12,28 1,18 14,63 6,65
9,1 14,99 0,34 2,8 11,27 2,72 4,12 8,68
5,92 2,5 8,72 11,0 9,53 14,08 1,49 5,32
1,1 14,98 7,33 7,8 14,64 10,24 12,62 8,21
12,29 3,26 1,8 14,2 7,42 12,59 0,09 7,39
1,44 0,2 8,85 7,68 6,15 5,85 1,21 7,15
1,3 1,33 8,06 0,42 1,19 14,35 4,78 9,81
7,78 1,14 3,96 2,45 8,41 12,69 1,24 12,94
5,58 2,83 0,96 9,09 13,06 10,59 7,78 3,34
2,08 5,68 14,69 1,08 10,62 2,25 13,27 3,81
14,04 4,65 14,68 4,35 10,79 7,8 10,13 0,63
9,11 12,53 12,67 12,34 0,06 8,53 9,26 5,32
5,72 11,77 7,44 11,17 3,27 4,79 5,77 6,54
3,39 2,45 3,0 6,25 11,22 11,07 2,99 1,74
3,07 2,43 10,41 6,32 12,07 7,89 14,94 2,6
12,54 3,92 13,15 10,84 1,22 14,05 6,36 4,53
9,74 8,17 6,58 3,38 6,47 5,59 4,5 3,75
8,3 11,84 7,38 1,85 1,66 8,43 4,29 9,67
6,76 9,47 2,02 9,07 2,23 11,59 13,38 0,04
5,93 0,64 4,51 3,56 10,85 9,0 0,51 2,38
13,42 13,9 14,96 8,81 14,69 8,56 13,66 13,09
0,41 2,51 4,47 13,26 12,49 14,79 1,64 3,7
11,05 6,04 1,51 7,37 1,17 5,23 7,03 9,5
6,75 2,22 7,09 8,61 11,58 2,67 0,88 14,49
5,57 8,29 4,81 3,32 7,36 12,74 6,67 13,71
4,34 9,46 4,37 12,65 7,75 11,79 0,91 1,66
4,95 8,96 14,77 2,01 7,08 2,47 7,31 9,35
9,0 11,58 14,73 8,33 1,7 12,67 10,01 14,85
13,95 8,45 11,42 9,08 9,22 1,09 0,54 12,41
0,65 11,66 0,43 0,48 0,89 2,31 3,45 4,62
5,56 13,71 1,69 8,83 8,57 4,75 7,39 0,92
13,9 2,25 0,6 1,8 14,47 5,63 4,4 4,98
4,25 2,45 3,92 11,29 4,32 8,31 10,0 7,5
10,36 0,91 6,97 9,22 8,0 8,16 0,66 4,95
13,35 6,54 7,64 8,15 11,39 1,98 8,95 12,57
4,39 2,69 6,53 6,52 2,32 8,99 2,15 8,88
4,09 4,97 0,55 1,89 4,14 2,4 7,6 2,12
11,48 5,05 1,29 1,32 2,3 11,5 8,0 0,3
9,01 1,88 5,05 6,55 2,46 4,21 14,66 9,09
12,53 9,1 0,2 3,71 13,39 2,65 11,94 2,88
11,51 10,74 13,13 10,17 2,68 7,86 7,98 4,21
14,19 6,34 2,1 7,06 8,74 8,01 9,62 8,15
4,4 9,75 6,77 3,16 6,9 2,02 10,56 13,8
14,17 4,54 13,29 14,05 6,5 8,46 3,92 11,87
10,64 6,79 8,98 1,27 5,59 9,91 9,39 5,76
4,88 10,85 10,42 3,19 4,78 12,07 2,94 2,81
3,85 8,47 9,11 4,95 4,67 14,02 14,85 4,4
5,46 11,23 10,78 3,52 11,98 5,17 4,55 12,29
12,8 4,07 6,04 4,25 1,71 8,01 3,53 5,08
6,62 6,6 1,33 10,4 0,7 9,31 2,64 13,99
3,45 12,28 4,04 12,42 7,45 4,24 3,4 7,04
2,75 8,36 4,24 12,35 2,56 5,17 8,74 1,68
1,94 13,43 4,02 14,7 10,35 1,87 13,38 12,28
7,92 4,51 10,52 1,48 12,34 5,84 10,63 8,85
13,64 12,15 7,7 9,72 0,67 7,58 11,53 14,64
7,79 14,19 2,72 10,2 8,34 14,08 14,49 8,34
2,62 14,76 14,99 11,29 4,89 11,06 6,04 4,26
4,5 4,94 9,8 4,35 3,12 5,62 9,96 7,06
5,8 12,74 4,06 13,15 1,71 4,52 10,71 3,53
13,54 6,52 8,79 11,38 14,28 2,34 0,09 6,37
4,09 2,26 3,97 7,96 7,11 13,6 6,56 0,58
10,94 14,44 1,4 2,94 4,68 2,37 3,27 12,23
5,2 5,56 8,22 0,28 0,23 8,1 3,88 13,78
6,67 9,43 9,11 8,72 2,45 5,7 13,48 7,99
12,57 3,25 3,62 10,06 6,01 6,16 0,22 9,7
0,94 9,83 11,48 13,97 10,76 6,07 9,98 3,6
0,72 12,86 0,81 9,12 13,13 12,39 7,3 14,47
0,06 13,85 13,99 8,01 8,6 2,08 10,02 11,72
0,18 11,78 4,36 13,38 5,83 2,34 1,81 5,24
11,23 13,09 13,1 5,97 12,89 6,14 1,94 3,6
4,35 7,98 13,99 4,89 12,33 11,76 4,93 14,86
12,17 5,44 2,98 4,32 3,53 9,45 9,64 14,84
11,57 8,72 8,91 1,23 13,35 13,26 2,18 10,3
7,46 3,74 4,63 2,21 14,93 14,98 3,3 2,06
11,49 0,32 13,21 4,98 5,55 13,19 0,18 4,38
6,38 6,73 10,82 0,87 6,99 4,21 11,67 11,95
5,51 10,37 6,53 1,53 8,42 2,72 0,89 3,43
14,3 6,58 4,69 11,51 3,74 9,54 4,7 14,96
9,44 5,58 6,02 1,58 12,55 4,74 4,88 6,01
10,47 3,24 2,93 4,57 4,8 0,54 3,17 6,07
10,29 2,59 8,19 9,26 12,78 14,71 14,61 1,89
4,74 8,0 5,44 0,36 4,84 7,05 2,2 12,24
0,21 13,74 11,69 3,34 12,15 10,1 9,5 6,2
1,85 11,42 7,07 3,33 0,09 7,54 8,53 8,28
12,73 4,75 8,45 1,22 5,37 7,19 12,56 3,62
1,19 7,29 1,13 11,0 4,01 8,53 5,82 2,09
13,17 10,51 2,86 9,93 9,62 11,48 10,06 8,72
7,17 2,64 3,6 12,2 1,33 0,5 4,17 1,73
14,15 14,23 5,01 0,89 2,01 10,33 8,26 14,67
11,87 11,59 2,65 14,38 9,33 2,87 14,81 0,26
8,05 3,3 2,61 9,28 1,91 3,37 7,9 4,71
1,0 11,74 8,01 0,71 0,87 10,68 0,18 2,09
7,0 10,62 5,02 1,46 8,36 10,9 8,44 5,02
11,48 4,5 0,31 4,24 0,67 6,86 0,32 3,23
2,51 7,74 5,73 5,15 11,74 1,5 3,25 8,62
7,06 3,32 7,39 11,86 5,73 3,42 12,53 3,32
2,77 9,64 8,45 4,53 2,33 6,18 6,21 6,68
0,07 11,13 2,99 13,53 11,89 14,06 7,44 10,46
10,68 9,99 3,16 14,2 11,69 13,09 11,81 13,21
2,75 14,71 2,58 8,71 12,13 8,59 4,33 14,58
5,03 14,45 10,39 13,88 13,5 11,88 14,63 0,35
6,48 7,23 2,68 1,66 10,76 12,8 1,68 6,65
5,75 3,69 6,72 10,32 12,16 2,99 4,59 4,3
7,22 2,33 10,31 1,41 9,59 9,15 9,45 8,81
12,99 8,89 6,68 6,16 2,8 2,12 14,99 10,83
10,31 2,18 10,89 7,58 11,1 1,53 10,84 8,07
7,02 12,56 6,98 8,36 6,79 4,63 8,68 5,65
9,31 3,53 5,87 4,42 14,68 4,18 4,31 2,09
10,68 13,81 2,11 12,65 9,6 9,52 5,36 5,04
13,0 1,67 6,5 6,9 5,93 0,57 3,62 11,57