41
3
3,35 5,04 6,59
6,65 6,15 0,32
12,57 8,14 4,43
1,36 9,23 7,12
8,39 14,25 14,51
6,18 13,65 1,13
4,29 2,08 0,4
0,15 7,91 13,34
3,54 8,77 12,65
14,13 12,95 7,1
6,76 0,65 7,17
8,93 12,59 8,34
12,8 11,96 10,06
0,07 11,62 8,08
0,83 13,38 13,39
14,34 11,83 0,18
4,25 0,53 14,92
7,31 7,86 14,79
7,04 2,04 12,65
3,53 5,94 6,7
12,2 11,91 4,95
3,67 10,95 9,12
11,27 12,45 10,79
11,08 10,28 14,7
2,15 14,14 6,93
9,41 9,08 11,65
7,31 9,18 1,58
10,72 10,13 0,86
1,48 12,7 4,12
14,49 9,59 1,63
1,4 10,83 2,71
3,7 5,74 4,02
2,82 0,87 9,27
9,92 13,87 6,23
13,91 1,36 11,14
1,48 7,73 8,87
13,56 6,8 9,04
0,97 14,64 3,58
1,85 6,74 8,09
3,53 13,32 1,76
13,56 4,04 7,08