136
7
5,07 10,35 11,28 2,24 1,99 6,64 4,17
6,41 4,81 7,76 13,84 14,95 7,59 13,44
1,32 4,95 12,31 12,65 5,83 6,58 14,49
1,03 9,35 3,79 5,43 11,37 6,73 6,76
9,78 2,53 7,43 14,0 10,11 3,08 0,02
12,66 0,94 9,74 3,69 8,09 13,65 14,09
7,75 4,23 6,14 9,63 6,85 3,51 12,62
10,2 13,11 13,65 1,34 2,38 11,29 5,55
14,95 11,94 5,18 4,07 14,28 11,13 5,53
5,48 0,86 7,04 10,65 6,6 3,09 0,45
6,92 0,49 1,49 4,82 11,99 10,96 8,75
13,47 5,61 7,79 10,21 12,54 2,46 10,32
8,58 11,51 1,82 1,0 7,58 10,44 0,2
7,87 4,2 6,92 14,5 1,88 2,75 6,31
11,95 0,49 8,35 9,06 5,13 5,88 6,57
14,42 12,07 14,87 4,58 4,01 0,1 6,64
0,81 9,74 3,63 10,27 3,68 11,05 9,4
5,46 0,23 2,72 3,31 4,85 3,14 8,23
13,9 9,1 1,48 0,8 0,47 5,76 13,05
4,64 14,23 4,84 13,54 5,49 1,13 13,39
3,41 13,08 7,84 0,85 13,8 8,06 5,7
3,85 10,58 2,3 8,1 2,12 8,83 11,13
12,59 8,57 14,91 12,28 3,39 1,3 13,68
13,71 3,63 3,77 1,83 13,84 7,27 11,07
8,8 12,32 6,91 8,72 11,85 12,66 0,89
8,93 3,01 2,78 8,69 5,21 7,95 7,85
14,89 13,5 3,76 12,5 13,56 6,42 8,39
5,81 14,76 6,95 6,19 11,26 1,25 3,15
11,85 3,89 6,23 12,11 14,29 12,14 13,13
12,38 13,3 2,54 12,64 5,58 7,82 11,46
3,37 3,11 4,3 0,56 5,76 2,22 13,94
11,94 7,58 13,42 12,96 13,93 3,68 2,53
2,15 5,31 8,15 7,92 10,49 5,42 2,81
8,06 1,43 0,38 6,46 4,38 7,53 1,54
0,0 6,08 7,36 2,92 8,16 7,87 1,87
9,46 13,8 12,77 8,37 2,76 4,93 14,41
14,19 13,29 3,7 8,17 5,83 11,46 12,58
5,06 8,9 3,39 0,85 7,02 7,99 11,9
8,32 13,09 6,48 2,6 11,59 8,17 7,16
3,25 7,73 3,33 7,62 10,89 12,53 9,51
9,72 5,23 13,19 12,11 3,7 2,09 14,99
6,55 3,83 3,74 7,92 4,05 11,25 3,49
14,32 7,33 6,51 7,39 14,09 13,19 9,69
3,27 12,32 5,88 8,7 6,64 5,32 2,89
0,3 3,53 1,93 12,43 1,74 8,48 2,04
10,41 14,8 13,61 3,01 13,26 2,24 7,52
7,99 3,73 12,16 5,77 0,06 12,73 6,97
2,72 6,22 5,66 0,1 2,1 7,0 4,92
1,3 3,81 1,3 8,85 3,95 14,53 6,48
6,68 13,47 1,48 5,09 2,0 2,46 4,0
14,85 13,47 12,05 14,11 11,03 0,68 10,72
7,44 1,67 12,89 13,24 10,23 4,0 11,46
10,56 0,73 0,01 13,69 1,58 13,84 1,53
13,49 13,13 5,38 1,91 8,64 9,26 13,54
11,39 2,67 2,19 8,15 4,03 4,56 8,2
13,68 14,1 12,43 10,91 13,41 3,26 1,38
5,67 6,04 5,88 8,06 4,91 1,99 11,13
9,93 9,53 6,23 1,74 4,24 10,84 12,16
0,18 10,55 5,33 4,59 8,42 10,6 14,91
9,41 2,47 0,85 0,52 11,83 11,8 8,77
1,63 9,26 0,58 12,49 7,64 4,75 7,02
5,4 8,53 14,66 13,05 5,96 9,94 1,05
4,43 12,94 14,72 11,5 7,67 13,64 10,57
1,38 7,51 2,16 13,98 2,42 8,38 8,6
7,76 8,23 3,6 0,44 13,27 10,73 12,94
7,82 2,62 14,25 0,43 2,22 6,97 7,85
6,57 1,76 13,15 4,45 6,53 0,27 9,35
13,09 10,82 0,02 13,49 9,34 0,1 6,46
7,62 3,86 3,93 7,88 1,77 7,24 13,44
12,87 6,85 6,23 8,9 12,84 8,03 3,94
6,61 14,78 0,44 3,75 5,6 3,42 0,73
0,83 7,14 9,2 4,64 2,21 11,28 13,96
3,41 7,42 14,87 2,25 10,5 9,59 7,26
13,31 12,54 9,13 2,74 8,15 6,4 6,54
14,04 13,19 12,15 0,3 2,41 3,46 14,61
12,75 10,53 8,4 14,44 3,02 7,33 14,5
7,69 3,11 3,85 14,94 1,53 8,29 7,71
3,76 8,56 4,51 10,02 9,31 13,06 8,79
3,47 7,52 2,52 9,28 10,69 14,42 5,92
1,77 7,78 11,66 5,94 14,57 3,57 0,16
11,29 3,39 9,09 7,38 0,73 12,29 1,98
4,05 6,14 9,85 1,86 8,33 13,91 5,71
14,56 11,34 0,4 0,71 2,49 8,02 7,38
6,2 2,14 7,15 10,92 11,47 4,9 8,33
10,8 1,49 8,98 12,26 1,33 11,49 7,48
0,58 1,62 5,08 13,38 12,2 12,26 3,11
4,99 5,76 1,08 0,2 9,64 3,95 6,52
14,86 6,69 10,43 5,19 8,02 3,51 7,79
10,73 8,87 12,86 13,67 14,03 3,81 14,24
9,28 8,55 12,11 12,87 3,96 5,76 13,29
13,87 3,35 3,66 0,73 7,94 8,38 7,47
13,4 6,87 14,18 6,28 12,92 10,85 9,0
14,32 6,62 0,09 0,61 11,77 11,49 4,14
11,53 9,26 6,25 11,31 10,97 5,92 5,51
2,33 13,64 8,76 9,2 14,12 13,13 10,25
11,5 1,02 4,45 12,51 1,24 1,95 2,29
3,66 0,64 2,42 1,19 9,71 4,98 0,3
10,43 1,18 7,07 8,47 3,18 0,86 4,38
10,7 3,81 2,12 7,93 9,4 1,95 6,92
10,73 6,42 4,74 8,0 7,0 14,67 2,52
7,57 4,41 1,17 3,03 4,9 4,69 10,9
6,0 10,3 12,93 11,03 13,39 5,29 14,41
1,61 2,91 3,63 6,94 6,98 8,03 8,99
10,26 0,96 12,25 3,56 2,41 11,24 4,12
5,95 9,95 1,41 2,49 1,98 12,14 2,26
1,2 4,01 13,16 12,76 14,16 3,23 11,15
10,07 0,74 14,71 14,1 4,71 14,64 0,65
7,33 2,87 2,57 8,77 10,43 11,26 3,1
1,18 1,36 5,2 3,37 4,35 10,99 11,79
9,01 12,42 8,71 2,64 13,02 1,53 3,11
10,93 1,49 5,16 11,19 8,33 5,38 9,28
10,83 2,96 9,94 3,77 8,54 13,34 8,16
0,99 9,36 10,55 0,16 4,73 7,03 12,45
4,68 8,23 5,58 1,27 4,03 12,57 4,37
7,89 2,65 13,87 11,88 6,23 6,3 4,82
13,15 9,45 2,26 3,99 10,4 8,05 12,5
1,92 12,62 7,16 6,0 2,62 10,02 1,46
14,14 11,9 12,45 12,19 1,01 0,55 7,61
0,19 5,51 5,6 2,01 10,27 0,82 3,74
14,44 8,33 6,6 10,25 11,05 10,22 14,1
0,73 3,02 0,24 3,96 1,76 7,05 2,82
4,29 1,8 6,67 9,7 2,5 5,26 2,22
11,61 2,6 12,41 4,81 0,39 8,64 8,35
1,1 0,6 1,89 8,24 14,48 14,99 6,22
6,75 9,25 2,61 10,54 8,88 4,18 7,94
7,88 5,48 0,11 3,23 0,51 13,67 9,86
6,62 7,85 5,73 13,08 13,79 12,33 13,7
10,19 4,14 8,24 12,92 5,81 11,38 12,66
3,03 3,39 4,71 0,88 13,63 3,85 4,71
3,89 8,95 4,45 12,13 4,46 12,11 1,26
13,3 9,34 5,94 13,6 1,05 3,33 14,39
5,82 4,43 0,63 5,2 7,1 2,7 1,8
4,78 2,88 6,17 14,36 2,79 4,28 14,08
7,04 5,7 14,62 9,94 7,26 13,77 4,83
5,53 12,66 5,65 4,23 6,88 14,54 0,7
11,77 4,03 8,66 8,29 2,46 3,48 11,05