95
7
13,54 0,12 7,86 14,93 3,2 12,1 13,73
0,86 5,11 5,98 7,52 3,04 3,78 5,55
3,62 8,44 13,81 10,84 7,28 6,29 14,51
14,39 4,25 5,43 11,23 10,32 3,62 3,07
1,34 12,44 13,16 5,46 12,78 14,09 6,54
1,73 6,8 14,67 1,92 5,51 6,81 11,94
11,59 7,08 11,89 3,7 5,98 13,67 8,7
8,51 12,86 11,2 14,87 11,88 9,08 12,75
0,17 14,04 4,35 10,8 7,18 0,88 14,16
13,2 12,38 7,14 0,14 13,72 9,22 6,79
3,82 10,93 5,17 10,92 13,83 3,59 0,02
0,53 8,14 7,21 10,01 0,04 13,09 3,25
10,61 2,84 2,6 1,89 6,8 10,25 0,65
14,93 1,28 11,04 9,68 12,63 10,89 5,48
8,2 4,52 12,25 3,89 2,29 1,66 10,93
8,51 14,09 4,4 8,67 7,03 5,18 4,36
1,1 3,32 4,39 10,58 3,58 2,04 5,16
3,98 0,25 4,06 1,71 12,03 13,03 1,26
5,85 1,64 12,58 1,03 13,26 7,58 8,52
2,55 14,2 10,14 3,37 5,72 6,87 13,34
11,89 8,57 6,41 6,24 6,12 13,96 2,82
4,07 0,47 13,32 8,04 1,09 7,39 0,16
9,22 6,09 13,12 5,81 12,13 3,41 1,96
0,5 2,41 12,38 8,28 8,62 3,2 6,41
6,27 12,06 4,53 1,02 13,73 13,76 11,96
11,66 5,77 8,77 0,14 0,1 5,09 9,95
6,63 12,3 10,09 4,64 1,12 11,98 11,92
3,84 14,2 7,82 1,12 1,5 14,32 0,9
1,4 7,78 1,05 0,58 8,02 13,66 4,27
14,62 1,33 9,45 1,3 0,01 7,73 11,76
9,72 14,12 14,82 14,14 1,69 5,94 13,64
5,27 4,55 10,86 8,86 4,84 11,55 7,88
9,83 10,41 5,68 8,52 6,33 14,52 14,79
11,33 12,69 11,64 0,17 10,2 4,11 9,88
11,35 11,36 12,13 13,48 0,15 4,6 4,65
14,24 3,02 10,46 0,54 13,87 11,96 13,43
2,6 8,68 8,6 8,92 3,13 14,59 1,92
3,59 11,0 7,48 12,21 4,3 10,58 13,26
14,66 14,22 5,68 6,6 5,87 8,66 0,0
11,17 9,05 2,52 8,46 6,96 4,99 7,41
4,14 14,0 1,39 1,97 5,51 7,22 5,32
1,14 12,11 6,41 9,69 8,14 7,41 3,8
11,17 7,42 4,07 2,07 3,14 3,1 2,15
4,0 8,73 7,89 9,13 1,24 12,58 3,19
12,18 8,03 12,22 3,1 11,77 14,18 8,82
13,49 9,21 9,97 14,1 0,18 8,02 11,71
6,23 5,75 2,49 3,31 5,84 4,8 8,44
5,33 11,15 10,65 6,38 10,19 2,55 7,63
4,31 7,46 3,9 0,72 3,56 9,34 11,23
5,96 10,74 10,74 7,26 6,94 8,11 7,72
8,78 3,4 9,32 9,94 13,81 9,46 3,13
0,41 11,19 13,02 8,49 10,54 12,46 3,47
14,37 6,01 11,68 2,29 4,16 11,32 6,83
9,1 1,45 4,81 7,03 10,31 13,86 11,59
8,6 7,37 1,55 9,66 0,57 14,15 0,55
2,49 5,09 7,62 3,09 6,36 14,59 10,18
13,56 9,12 11,29 0,91 2,23 10,77 12,73
4,16 2,51 1,38 13,86 11,08 13,63 12,94
3,28 11,38 13,04 6,21 0,28 14,29 7,46
4,41 6,35 8,77 11,67 3,49 8,11 7,43
2,11 3,29 11,09 4,91 14,36 12,56 0,91
4,84 6,55 7,63 4,05 0,35 8,48 4,46
5,58 9,24 7,53 9,39 12,52 1,45 3,62
4,52 12,77 9,86 9,13 13,74 0,04 8,8
6,38 11,14 10,61 8,69 6,03 9,75 4,99
0,95 7,0 9,24 5,71 7,13 13,85 2,64
6,02 5,52 1,7 8,42 3,61 7,79 12,09
14,48 0,49 14,58 4,89 13,77 12,1 3,24
2,56 6,57 6,06 2,39 14,41 3,6 1,27
1,96 9,59 6,8 5,98 12,26 3,19 8,24
9,6 5,85 9,58 5,17 8,21 0,47 1,25
4,33 12,54 9,05 14,21 8,42 3,18 7,84
9,41 0,94 11,37 14,76 1,79 10,49 5,99
4,02 8,93 8,59 10,79 12,73 6,36 0,82
9,62 0,9 4,39 1,62 0,18 8,57 12,56
0,16 14,23 6,48 10,56 3,19 13,63 1,51
9,73 5,79 6,97 6,03 13,82 9,92 13,51
8,82 0,8 5,53 13,36 9,67 5,18 12,13
5,52 6,77 11,41 7,22 0,26 12,41 5,57
0,01 3,76 10,19 11,03 6,49 6,83 6,67
2,08 1,13 8,6 4,57 14,21 12,99 13,67
3,37 7,97 11,56 14,94 4,76 11,55 3,0
5,14 9,53 4,55 1,24 2,03 2,93 8,59
10,81 10,78 1,03 3,48 10,39 6,91 2,45
9,96 7,3 1,89 6,59 12,28 8,25 4,82
11,78 14,79 0,02 2,58 0,9 8,52 11,67
13,4 4,63 12,04 4,78 12,5 10,9 8,76
12,83 5,56 0,39 1,29 12,89 1,1 8,97
1,14 6,84 3,47 8,91 2,42 14,6 5,03
2,29 4,55 14,53 5,88 13,38 1,19 0,87
4,35 9,51 0,61 11,99 0,89 11,2 6,83
7,84 13,62 4,3 10,57 9,37 2,92 0,74
3,5 1,99 12,21 12,15 2,34 4,1 6,08
6,83 8,65 1,22 5,24 12,08 4,19 12,46
12,11 12,96 3,56 11,13 1,19 9,4 7,87