89
7
7,13 8,28 14,0 7,3 9,22 8,92 6,77
13,23 7,97 2,53 1,39 8,99 4,47 0,97
12,92 9,28 7,14 2,97 0,6 10,31 6,93
3,39 13,98 13,29 7,1 14,9 3,47 14,36
7,73 4,9 6,86 1,4 7,52 10,0 11,29
2,82 5,87 11,58 7,14 11,25 4,46 9,69
12,37 5,61 0,14 10,01 3,6 7,35 12,29
5,81 6,36 13,53 0,66 3,41 3,34 12,68
0,85 0,18 3,42 11,48 11,08 2,72 0,24
3,74 5,75 1,51 7,31 4,56 14,36 1,17
7,44 1,06 1,05 3,71 4,95 10,39 1,98
9,49 9,94 3,3 3,3 2,06 1,8 9,49
2,19 12,62 12,63 7,11 12,42 6,57 6,65
5,0 11,18 10,91 12,3 1,6 2,15 6,97
9,47 14,79 0,9 14,92 5,07 1,24 4,63
8,22 10,67 6,43 7,65 4,97 3,66 1,06
8,3 2,85 1,7 0,02 0,71 9,7 5,56
14,47 11,77 14,28 7,63 4,03 14,49 5,35
5,24 13,88 2,07 7,3 0,86 5,3 10,39
13,98 0,23 8,61 4,75 10,72 5,33 4,08
14,65 13,29 1,02 9,17 11,81 3,34 13,41
12,49 13,4 9,46 12,14 1,43 1,62 1,04
1,14 1,36 10,9 0,74 2,77 8,12 3,88
9,6 0,86 4,27 13,33 2,8 1,74 11,42
14,51 11,55 10,88 10,08 9,9 10,89 12,82
8,63 3,48 7,7 8,16 5,13 7,63 1,48
7,95 3,95 5,86 1,76 7,23 6,32 14,13
2,55 5,89 0,19 4,56 10,2 10,38 9,91
10,08 5,38 6,79 0,51 3,34 2,41 14,45
7,96 1,24 3,25 0,15 5,61 0,38 0,01
12,65 12,65 11,93 10,62 12,48 11,83 5,1
0,82 11,54 13,41 2,99 7,18 6,33 9,75
7,9 4,72 10,09 6,1 0,07 3,63 12,78
13,44 4,66 4,69 0,05 13,67 10,92 14,14
14,75 4,62 5,54 8,64 8,52 13,18 3,26
10,71 7,52 1,54 1,97 11,73 8,76 9,69
9,61 2,36 1,86 8,41 14,33 11,41 7,72
3,74 14,4 11,21 13,1 0,98 13,25 8,71
1,39 6,19 0,31 12,27 9,16 10,63 8,52
7,1 13,53 6,37 4,19 3,57 9,15 10,72
4,66 10,42 11,44 5,13 0,09 0,88 9,08
10,87 11,09 3,21 10,69 9,3 11,62 5,85
5,56 14,28 9,27 0,64 4,96 9,85 9,61
13,5 10,47 4,57 2,9 1,24 2,31 5,98
1,24 2,16 2,08 7,58 9,78 10,43 11,38
0,31 8,78 6,14 1,91 4,71 14,89 7,4
11,77 5,77 6,3 7,88 14,2 11,28 2,64
3,63 2,49 4,81 11,09 14,08 2,23 14,21
14,88 1,44 7,44 12,44 1,07 13,13 4,9
6,38 9,29 2,05 0,92 8,71 13,72 12,84
13,26 6,15 12,61 6,17 1,38 8,73 11,59
4,17 6,61 8,52 8,92 9,04 12,15 2,89
6,45 12,11 1,6 13,83 9,9 10,78 0,91
5,02 14,69 3,12 12,83 3,27 6,58 4,98
0,46 2,88 8,6 3,39 14,54 8,11 10,65
11,0 13,02 7,61 14,04 14,39 14,13 6,03
9,96 11,34 6,86 3,78 14,8 13,88 0,23
3,68 8,24 9,41 13,72 1,73 10,85 13,95
11,77 13,91 1,81 5,36 0,48 4,54 2,97
1,66 10,63 1,8 4,53 14,25 5,08 3,67
5,43 8,03 6,84 1,78 6,12 3,88 2,24
2,35 8,29 11,4 10,53 4,72 7,43 1,87
3,8 6,59 9,83 11,46 8,36 10,13 12,22
5,97 3,5 7,85 4,44 2,72 4,88 14,81
4,21 13,03 1,41 13,02 4,9 6,53 9,44
6,66 4,69 7,14 2,45 4,72 10,98 10,88
7,46 6,76 8,28 8,52 4,9 10,5 6,45
11,59 2,08 7,84 14,2 5,81 8,76 0,21
12,38 4,71 0,35 5,24 5,0 0,75 2,67
11,78 0,57 0,49 14,84 1,3 0,57 11,29
5,9 1,27 14,59 0,34 8,2 13,03 7,72
2,85 13,66 13,26 1,3 12,28 12,1 14,36
8,61 4,01 10,81 13,46 5,61 1,38 1,96
7,62 6,81 1,29 6,03 0,53 2,83 2,08
4,83 11,65 14,67 14,96 4,47 8,91 5,5
2,32 14,52 12,49 1,56 1,38 13,46 8,33
3,08 12,47 11,17 3,76 12,8 8,05 5,12
10,88 13,4 11,79 2,94 13,8 12,66 9,95
4,71 8,5 8,2 3,06 10,64 4,87 8,1
2,93 3,36 11,41 8,18 9,99 2,46 7,78
13,37 6,71 4,94 6,93 10,76 9,7 2,47
14,59 3,55 10,69 1,54 11,6 1,37 1,89
10,89 10,36 11,64 3,25 1,1 8,61 0,94
9,08 7,53 2,42 9,52 6,29 10,35 11,4
1,57 0,36 13,22 11,17 10,2 7,5 13,41
7,99 14,29 8,08 2,68 5,85 10,31 5,99
14,53 14,45 2,01 4,51 2,31 14,61 3,88
13,71 9,25 9,13 1,98 9,63 7,48 7,27
1,52 4,14 4,46 1,61 2,46 11,49 7,73