97
7
0,53 2,28 12,6 11,14 1,09 2,5 11,67
12,28 5,88 3,3 10,17 11,41 10,66 5,85
12,62 7,07 0,44 14,79 6,29 6,54 2,91
6,4 9,85 0,27 4,64 9,68 9,33 14,5
12,71 12,15 11,28 2,73 5,39 12,96 0,8
8,17 14,92 0,87 7,59 10,2 4,02 0,93
8,23 9,99 11,08 8,16 0,44 3,06 5,41
5,57 10,82 7,33 4,77 3,57 9,46 2,29
9,9 8,65 2,22 11,49 11,89 3,15 11,23
11,54 2,77 8,38 14,65 6,18 1,49 10,81
1,35 6,68 3,64 12,74 5,41 7,22 1,4
11,01 3,97 3,65 10,56 7,9 2,37 1,03
1,03 9,83 8,72 0,97 9,5 2,15 0,11
13,3 9,47 7,46 6,87 4,63 5,73 0,04
7,62 3,79 12,87 6,68 2,95 10,45 8,43
1,75 3,45 4,39 14,97 10,65 7,12 5,19
3,91 9,9 0,69 0,6 11,87 9,82 11,9
14,81 14,31 12,25 1,74 8,72 7,09 4,34
2,26 5,42 1,53 12,1 5,08 11,74 6,21
2,25 14,67 6,3 3,19 5,41 0,99 0,4
0,96 6,23 8,13 13,14 0,19 4,0 8,2
2,51 11,44 1,87 1,03 9,0 7,35 2,25
1,06 2,26 3,89 3,45 12,39 2,05 11,57
11,62 8,43 14,83 10,0 13,83 14,63 6,35
0,33 0,72 9,94 13,75 13,29 9,71 6,61
8,05 5,77 12,84 12,66 14,35 8,26 11,31
11,64 6,3 8,07 5,37 12,25 14,4 14,45
13,36 10,88 8,92 1,16 3,16 2,32 8,35
8,95 14,25 13,59 10,94 1,53 12,35 10,96
9,62 11,44 8,67 14,75 4,86 3,61 11,69
12,08 4,63 5,41 0,72 5,32 4,33 11,5
7,0 6,16 6,71 10,32 7,12 13,45 11,97
0,07 12,22 1,45 7,41 7,88 9,26 7,35
4,39 4,54 9,16 8,51 13,96 5,71 11,09
7,38 11,88 7,35 6,09 3,01 14,32 1,18
5,05 7,38 1,43 3,94 1,53 13,19 10,14
10,33 6,36 13,79 4,24 1,91 11,64 8,74
14,96 11,81 11,43 13,55 13,65 11,98 5,54
3,84 10,92 12,24 0,25 11,34 13,77 9,59
7,41 8,39 5,51 0,45 12,95 8,77 1,1
13,24 9,38 12,97 13,48 3,32 9,22 7,53
7,14 7,1 11,23 9,5 1,01 9,89 7,95
2,74 1,43 1,22 13,35 0,55 4,37 7,31
8,51 4,92 11,46 8,53 13,59 14,9 5,19
8,19 9,39 5,75 13,54 3,51 3,93 4,47
7,01 5,47 0,35 10,29 7,43 4,04 1,25
8,08 1,28 11,96 3,83 6,71 13,58 11,15
7,09 9,83 3,79 12,58 1,53 3,05 0,87
7,82 8,14 2,67 3,79 14,66 7,51 13,07
4,38 10,14 0,35 7,74 7,96 0,76 10,76
8,57 3,07 14,71 9,56 8,37 0,6 13,57
2,82 1,09 6,88 12,27 0,1 5,1 3,92
1,81 14,86 1,71 4,53 6,52 7,76 4,11
9,27 4,54 10,12 7,31 8,32 7,74 2,25
1,64 1,91 6,51 10,03 8,91 1,15 14,16
9,73 12,72 1,05 12,54 6,14 8,71 2,55
11,7 1,49 1,69 0,41 14,38 8,76 6,32
11,19 2,62 12,07 10,48 0,07 8,09 2,13
14,82 7,07 8,47 2,08 4,24 11,98 10,02
4,73 3,12 13,3 13,41 3,73 4,9 1,14
8,72 6,49 14,67 7,52 1,44 8,82 4,46
9,64 5,99 5,83 0,55 8,94 7,84 8,39
0,49 10,39 9,27 1,77 13,31 7,52 4,35
4,06 7,11 10,8 3,16 1,25 12,13 13,3
13,06 1,92 9,56 0,37 5,59 9,59 10,38
1,03 11,86 14,68 1,2 8,75 3,57 11,33
14,86 0,44 6,72 14,82 6,2 2,83 3,43
11,82 9,93 14,42 11,71 7,43 5,9 12,35
9,94 0,79 14,54 13,07 6,43 10,76 6,21
14,0 0,18 12,16 9,4 8,94 9,86 7,58
14,32 7,57 4,78 0,07 12,6 10,31 12,59
4,11 8,44 5,78 2,01 5,47 13,07 8,45
9,58 11,39 10,31 12,6 0,86 11,96 5,29
3,91 10,21 0,09 12,16 12,59 12,52 8,92
8,51 5,29 7,18 7,75 14,0 7,69 1,03
0,39 0,42 6,2 10,07 9,45 14,04 13,74
8,38 8,25 14,41 2,47 2,19 9,5 7,58
7,78 11,66 5,5 7,55 12,2 13,68 3,74
11,55 3,65 11,13 6,3 11,78 0,87 6,35
14,93 8,83 2,05 1,82 2,0 8,33 5,17
12,05 5,38 11,11 9,97 13,35 11,64 3,16
13,81 10,9 6,42 13,06 5,63 7,94 8,98
5,84 9,37 3,27 1,06 9,79 3,99 1,53
13,96 6,97 13,72 9,07 9,25 7,03 6,52
11,1 9,01 2,53 1,19 13,74 13,66 0,09
12,93 10,72 5,96 1,48 6,27 9,21 6,79
2,32 11,78 12,05 4,46 12,41 2,27 0,55
3,8 8,51 2,85 4,7 0,17 11,02 3,58
9,65 14,27 3,26 6,18 14,32 8,27 9,93
7,91 14,7 2,3 12,7 6,23 8,4 4,38
6,21 10,55 12,33 0,04 6,94 11,21 11,05
13,03 5,76 5,38 7,46 11,38 3,22 8,91
10,8 4,35 7,77 14,09 10,32 13,58 7,58
0,98 1,93 12,63 6,14 8,72 4,32 3,84
7,64 9,36 0,07 8,68 2,42 12,86 13,59
2,58 8,43 0,66 1,94 13,91 0,5 8,11
10,23 3,53 1,17 14,43 11,16 14,07 10,89