150
5
0,35 8,84 2,54 4,66 7,42
13,12 3,52 6,73 8,76 4,14
14,55 0,01 5,09 11,98 4,11
3,09 14,55 7,41 10,63 14,06
7,12 14,53 3,84 1,33 2,57
7,5 8,82 1,86 10,12 4,36
11,85 14,85 7,07 12,23 8,12
8,14 13,2 2,92 5,12 14,8
8,02 6,32 0,97 6,59 13,89
1,26 9,81 4,28 14,39 9,07
5,68 6,7 1,67 7,91 6,39
11,27 10,11 0,34 10,28 1,88
10,49 2,66 10,06 1,82 13,84
15,0 10,66 12,72 2,38 5,08
5,44 10,31 4,75 14,06 6,95
2,21 4,97 13,59 3,64 0,7
10,28 14,39 7,63 12,14 14,92
1,3 7,0 7,31 4,97 10,32
7,11 0,19 11,67 8,82 6,53
3,38 1,83 4,12 7,26 6,21
2,84 14,62 6,57 1,13 7,76
11,34 14,1 13,14 2,27 0,34
7,99 13,86 0,3 13,94 11,52
10,4 14,39 7,01 1,54 7,59
5,25 12,49 13,55 9,89 10,52
11,92 0,99 10,63 8,04 7,51
0,47 11,95 8,59 10,89 2,08
10,3 8,25 2,35 4,87 11,56
4,65 2,44 9,91 5,81 12,96
7,55 10,14 3,22 0,83 14,91
11,06 0,92 0,71 14,44 4,01
14,99 10,01 13,81 6,61 14,82
7,93 4,74 8,77 7,84 9,69
9,46 6,78 10,57 3,44 10,33
1,52 1,46 10,41 7,59 12,06
8,91 13,02 5,42 13,69 2,1
9,04 6,08 1,86 7,91 9,16
0,64 4,81 5,5 12,9 6,57
14,21 11,01 9,77 11,79 9,27
9,83 12,76 5,02 0,61 14,93
13,2 3,88 1,31 14,48 0,7
12,84 1,38 5,81 6,34 2,0
1,46 10,92 5,91 12,01 7,08
1,88 9,49 3,48 12,61 5,01
0,35 6,96 4,19 7,43 2,25
1,59 3,39 3,12 6,95 12,56
2,58 0,47 8,09 11,84 7,42
0,52 5,24 0,38 13,9 7,12
12,97 11,51 12,6 13,69 13,73
6,06 4,6 12,67 4,4 7,59
10,21 0,54 5,18 1,35 6,82
11,26 7,05 0,96 6,94 4,14
6,42 13,13 12,29 2,18 12,02
2,96 0,25 4,77 3,85 4,7
5,64 12,22 13,93 9,17 7,13
9,98 5,68 0,56 13,06 11,63
1,43 7,83 13,65 4,45 7,22
14,61 5,66 5,1 11,05 6,81
0,01 2,96 12,04 6,74 3,39
12,61 11,87 7,68 5,88 0,31
0,25 8,92 5,14 2,5 13,4
11,83 6,37 7,32 7,81 14,96
2,63 2,74 3,41 8,9 12,3
0,33 8,56 7,24 7,22 3,83
9,51 9,41 7,06 5,2 8,11
6,75 11,11 12,13 11,73 14,15
10,56 2,32 3,0 13,76 14,28
1,94 2,63 11,94 7,8 5,13
7,25 6,79 10,92 10,75 8,05
13,57 6,73 11,52 9,49 3,07
7,05 4,4 7,82 6,63 12,23
12,21 10,03 11,82 12,86 5,61
1,56 11,62 8,39 7,51 3,42
3,17 2,65 12,22 7,44 11,87
6,09 3,14 8,1 8,26 9,7
9,37 9,46 1,15 2,89 9,24
0,27 0,75 9,66 7,34 9,81
9,26 8,07 4,13 13,76 7,33
2,94 0,98 2,62 5,04 5,7
5,51 2,27 3,93 1,18 4,93
8,39 13,37 1,57 14,96 9,96
14,89 8,68 3,99 7,63 9,87
1,98 5,98 1,97 0,76 10,98
4,79 9,93 8,33 9,97 14,56
2,6 9,27 3,59 5,52 0,75
8,28 3,61 8,55 0,73 13,88
6,4 3,0 3,25 11,69 9,67
13,99 6,0 12,13 11,5 9,57
12,32 3,29 9,74 10,73 8,55
5,56 1,36 14,02 2,23 11,51
3,19 3,79 12,11 4,78 14,66
11,63 11,5 9,4 5,53 14,74
14,24 14,21 5,37 0,57 2,12
6,43 2,16 6,57 3,65 5,99
14,46 10,12 9,6 13,17 1,51
12,19 9,76 8,73 3,33 9,73
2,54 8,79 3,94 4,24 11,17
5,31 1,42 2,59 5,6 0,87
2,76 1,09 11,84 3,46 8,68
13,02 6,19 14,84 4,37 11,72
13,83 3,03 13,77 14,92 0,15
6,58 4,73 11,23 0,94 9,77
4,79 12,36 5,65 14,15 4,15
11,0 6,36 6,66 12,28 13,97
5,54 11,34 0,92 3,84 1,2
10,87 9,62 1,55 11,5 3,39
4,64 6,91 12,06 9,83 1,29
2,95 4,31 3,5 5,73 4,48
0,96 6,54 0,09 1,17 9,03
6,18 1,51 1,46 10,6 7,77
14,65 1,19 7,37 9,84 7,53
4,71 4,44 9,61 6,08 7,01
8,61 2,89 11,69 0,57 10,13
13,8 1,8 12,06 0,05 6,33
1,12 13,92 6,68 13,13 3,2
11,58 5,84 12,91 11,16 0,44
1,93 10,1 1,03 13,57 7,36
9,21 6,06 8,22 2,69 8,45
4,66 6,22 0,85 2,07 0,94
14,76 9,28 13,95 5,09 9,71
1,34 6,72 10,25 11,94 10,25
1,8 4,14 6,46 1,45 7,44
13,85 4,02 10,67 1,1 3,45
11,5 1,06 6,83 8,71 2,88
10,31 11,0 11,82 5,15 6,58
13,53 1,84 6,47 2,58 1,15
13,69 0,58 1,66 11,97 9,13
7,29 11,33 14,87 11,37 1,7
3,63 11,91 12,41 11,41 4,59
5,3 11,33 1,0 3,59 2,8
3,0 1,4 0,15 0,66 3,7
14,7 2,1 10,69 1,16 10,41
10,64 14,66 3,34 11,07 7,85
14,04 1,82 1,05 5,06 1,12
11,5 0,64 10,79 11,47 3,13
8,59 4,01 0,4 5,26 5,15
10,46 0,85 6,16 4,64 4,46
12,19 8,82 10,61 0,28 9,27
6,29 4,33 4,68 6,62 9,68
6,77 10,22 3,2 10,19 12,98
12,97 14,24 13,15 2,12 6,28
1,59 8,56 7,37 5,7 11,22
8,75 1,88 7,1 6,03 8,13
2,58 4,22 12,83 5,66 10,75
4,12 3,53 3,17 3,62 6,95
14,27 13,28 8,21 12,85 3,14
7,05 12,59 12,64 1,65 14,24
5,29 11,03 14,86 9,59 14,81
9,75 3,01 13,31 13,11 3,24
7,32 3,27 6,85 0,39 4,61