63
5
13,57 10,06 12,0 12,0 14,21
8,57 13,35 11,25 5,82 2,09
7,74 14,34 9,64 12,55 13,68
14,03 8,08 7,4 4,89 13,69
10,91 10,29 1,84 7,4 14,7
8,48 0,35 14,35 0,59 2,68
9,99 3,5 5,44 6,98 12,95
4,42 7,71 2,83 12,78 12,97
13,43 4,08 2,56 10,62 9,82
6,56 10,69 3,27 0,69 2,07
0,28 7,51 7,65 12,68 9,32
3,95 3,28 9,69 4,87 3,01
10,59 4,5 9,13 8,6 14,16
7,92 6,36 1,1 3,04 13,24
0,43 13,66 10,26 10,05 10,43
6,29 0,17 13,45 0,14 13,34
7,95 12,08 4,19 10,27 2,86
10,47 5,31 8,44 3,34 12,18
9,41 3,45 13,11 9,27 9,64
13,93 3,62 1,04 1,69 8,37
0,18 1,49 9,81 13,33 13,68
7,23 1,3 4,37 1,49 12,36
10,68 13,77 4,02 12,04 9,72
13,27 5,73 3,16 7,41 12,44
0,66 0,74 0,62 14,51 8,11
3,57 4,57 5,23 2,67 3,39
8,03 13,65 13,81 4,63 5,26
6,46 8,55 11,31 13,63 8,89
13,99 3,95 6,23 13,27 4,73
14,97 6,78 0,62 11,58 6,86
7,24 12,28 7,47 2,23 2,72
1,52 12,59 5,27 6,04 2,35
8,73 6,92 0,76 5,42 7,04
3,96 8,73 1,7 2,24 10,47
0,61 14,01 1,9 0,82 12,15
13,44 7,28 9,55 7,44 2,15
1,83 3,42 11,04 13,17 5,52
13,71 8,04 6,11 12,65 10,27
4,47 0,23 0,54 13,24 13,64
2,44 2,48 0,77 8,17 4,65
1,17 3,47 2,6 3,1 6,65
9,26 6,87 11,92 7,48 4,06
8,56 12,67 6,98 0,09 2,59
11,33 8,93 10,9 2,79 1,86
1,88 2,05 1,76 5,69 7,11
12,91 8,53 1,2 11,76 6,63
9,3 8,22 14,34 9,13 11,53
1,54 1,42 5,07 10,04 8,1
11,61 10,14 12,32 8,58 14,15
11,86 9,78 0,45 13,36 10,28
14,11 10,12 9,26 6,2 1,4
10,44 1,3 4,44 6,26 14,85
7,95 11,41 8,85 3,35 3,38
7,99 11,31 4,1 2,6 5,87
10,75 7,02 5,92 4,66 8,96
6,86 1,8 6,95 9,92 10,42
13,18 6,37 1,92 10,45 6,86
6,7 2,74 2,02 7,05 4,97
9,41 1,74 1,87 13,2 1,29
8,04 5,45 2,5 12,74 13,32
10,81 0,74 0,1 11,52 4,92
9,44 11,72 7,16 8,63 9,68
4,49 9,58 12,01 3,21 12,81