111
9
4,98 4,87 10,91 7,18 6,58 6,22 3,73 12,87 12,03
12,67 8,1 12,02 9,41 7,45 5,48 7,45 9,77 7,81
10,41 11,9 5,04 12,42 4,96 4,13 4,2 10,03 7,21
14,62 1,68 7,98 1,43 10,52 6,76 12,43 11,7 11,28
10,27 5,95 10,68 1,4 2,56 10,93 10,08 11,67 5,74
0,4 8,07 6,53 9,83 13,75 5,69 6,15 5,44 6,83
14,96 4,57 8,43 6,51 10,12 0,92 13,01 3,54 4,48
14,15 6,12 12,22 5,86 1,1 2,27 6,18 8,81 10,88
8,05 11,15 2,71 12,85 7,14 11,29 10,81 14,67 1,83
1,31 6,47 2,56 1,97 6,19 7,41 7,82 9,9 12,34
7,95 1,72 3,8 1,03 1,29 11,58 5,38 10,18 12,15
1,45 5,99 1,48 8,41 0,4 8,42 12,34 11,44 10,07
0,23 8,56 11,58 5,97 5,21 13,72 8,36 6,93 5,6
9,68 1,3 1,99 7,72 3,65 13,97 3,7 4,28 3,23
3,31 10,75 12,74 5,87 12,64 4,53 14,15 11,43 14,71
0,5 5,99 14,0 5,03 3,73 10,46 1,84 10,49 2,76
0,83 9,27 0,62 6,99 4,89 10,61 6,62 4,64 2,4
5,44 13,16 0,97 11,29 7,38 13,34 14,52 0,71 3,98
1,58 10,5 5,52 7,55 13,71 2,28 11,96 7,11 0,08
1,63 10,77 13,62 2,1 0,32 13,82 2,06 10,87 4,52
10,48 6,0 2,22 12,95 9,21 7,95 11,72 2,92 4,35
14,18 5,55 14,99 6,62 2,56 10,41 6,21 3,97 2,98
7,46 1,15 12,55 7,51 0,71 13,11 0,48 2,22 6,72
5,7 4,23 12,87 8,35 0,71 4,99 2,1 10,68 0,41
6,39 14,04 1,12 9,93 7,96 14,09 8,8 2,65 7,64
8,37 6,79 1,63 14,53 0,21 6,6 6,65 2,83 7,1
8,14 4,77 11,2 9,26 10,81 14,32 6,31 3,24 6,98
13,09 2,6 10,44 2,97 6,82 1,76 10,14 10,87 1,15
3,11 9,51 13,96 4,39 9,6 7,02 12,45 7,39 10,78
7,06 4,95 4,99 0,9 12,68 2,11 12,43 5,98 5,61
3,85 8,37 6,55 2,48 9,97 13,62 1,2 8,19 8,62
3,57 9,4 7,37 14,19 0,51 2,89 13,14 10,55 4,35
8,21 0,74 3,57 2,19 8,29 8,78 8,43 13,63 5,1
8,72 3,99 14,45 1,16 14,28 9,14 12,34 13,73 11,9
11,26 6,25 2,43 14,01 9,24 11,94 13,69 12,58 12,21
3,75 3,89 6,07 4,84 2,2 13,73 12,24 13,22 11,18
4,09 10,51 7,76 3,66 4,08 1,61 2,26 2,71 6,75
6,37 8,44 10,87 13,77 10,31 0,73 8,35 14,71 10,51
0,38 4,43 14,22 14,58 11,57 7,7 8,25 10,87 3,18
5,58 3,16 11,17 2,84 2,04 3,78 10,48 14,23 4,18
2,51 3,63 14,12 14,7 8,67 7,42 9,78 14,17 11,06
3,48 2,32 1,85 13,65 7,71 12,98 14,88 4,41 13,26
1,58 12,19 4,34 5,5 0,05 1,75 10,36 8,75 12,09
13,18 4,08 4,19 5,86 3,47 9,63 0,49 10,31 0,66
1,86 10,32 11,22 7,92 5,17 9,93 1,39 9,24 2,62
11,3 3,2 9,91 11,88 14,03 13,89 9,85 12,63 11,68
9,77 14,16 7,51 12,6 12,71 12,62 7,75 2,33 8,02
12,55 13,5 11,73 10,88 0,16 2,51 0,7 9,92 4,09
2,75 6,2 10,57 7,47 11,76 4,46 6,92 4,07 7,85
14,02 4,14 6,35 10,77 6,12 2,56 12,03 2,76 3,23
12,3 1,19 4,98 1,79 13,9 9,56 10,76 14,31 8,34
14,23 12,86 11,29 2,18 7,28 4,54 9,43 8,32 3,77
13,07 13,4 5,46 3,87 3,5 13,86 6,59 7,06 5,48
10,31 6,22 0,24 13,69 4,77 8,76 13,76 2,29 14,62
6,43 1,24 8,19 2,17 2,05 9,28 5,84 11,88 0,07
0,18 8,05 2,79 6,42 13,16 9,88 1,34 4,41 6,24
1,4 4,95 0,99 3,45 14,28 1,01 6,1 2,98 1,15
3,75 3,79 2,69 6,03 6,03 11,25 8,27 6,47 11,82
14,49 0,14 1,03 14,14 6,27 14,53 4,2 2,1 14,27
10,64 13,76 2,59 2,44 14,75 3,35 11,95 12,49 14,2
14,23 5,34 6,84 12,46 11,54 9,13 3,16 11,1 7,6
1,24 11,75 11,27 8,07 1,79 9,02 10,52 5,86 6,13
0,71 3,4 6,7 13,29 14,54 3,04 8,36 14,26 5,84
0,38 8,88 11,01 13,56 13,86 0,13 10,06 13,43 14,79
13,1 5,61 14,32 2,68 7,57 9,96 6,98 4,73 5,7
6,86 2,42 6,33 7,67 2,42 1,29 0,86 1,62 5,33
7,27 7,35 3,19 11,35 3,51 7,79 0,37 7,81 2,17
11,87 10,48 13,83 8,0 5,84 8,53 10,5 10,58 2,43
3,19 13,98 9,07 2,73 12,74 2,11 5,48 14,08 10,93
8,04 4,89 8,84 13,55 7,54 3,99 2,21 4,24 4,11
5,07 10,17 10,27 1,94 9,95 10,52 6,7 13,23 1,25
5,7 1,5 13,35 0,02 11,92 10,82 13,41 0,81 8,17
14,96 8,36 3,47 7,11 14,62 7,2 6,49 14,98 9,12
3,68 13,34 5,21 7,17 2,87 7,47 5,64 5,2 14,12
6,31 5,19 4,6 12,39 12,53 10,18 6,38 10,49 13,61
11,75 14,46 8,61 2,31 7,1 6,27 11,24 1,55 12,73
13,04 0,56 13,81 11,61 9,53 9,63 14,99 3,31 10,81
11,7 14,11 11,85 2,74 9,4 6,94 7,98 0,8 14,94
12,77 14,06 7,29 9,38 6,02 5,27 12,0 3,62 5,92
7,97 6,24 11,85 14,91 5,42 4,0 9,99 11,17 8,53
7,04 14,22 13,76 10,44 8,28 11,81 9,31 11,81 6,76
7,23 10,66 12,06 7,56 10,37 6,73 12,65 11,26 10,9
0,79 12,43 6,42 5,93 10,27 10,82 10,41 13,66 5,25
12,81 5,52 12,6 12,82 5,61 14,15 8,87 12,65 12,5
6,66 4,61 6,36 1,62 10,18 6,67 0,51 1,97 5,84
14,72 13,74 9,02 10,97 10,5 3,32 1,2 10,63 7,76
14,09 9,57 14,89 2,04 5,62 14,79 9,86 6,44 7,03
2,96 3,3 0,51 13,41 4,78 3,64 3,05 9,74 3,15
11,34 5,86 0,65 10,13 11,05 13,25 7,09 13,19 1,4
14,64 0,09 4,77 11,69 11,39 9,67 6,13 5,81 4,2
0,67 0,65 12,48 13,16 6,4 12,64 2,65 1,16 1,4
9,51 13,12 5,88 7,04 1,65 0,69 13,05 11,09 13,36
12,79 6,58 8,3 12,68 8,88 12,55 14,14 11,02 9,6
5,56 11,33 2,7 6,05 8,48 0,41 9,27 6,35 9,74
1,5 10,77 6,46 6,24 2,65 3,3 13,93 6,66 11,86
3,43 13,34 14,88 4,27 14,86 0,69 8,58 14,13 5,41
8,12 9,66 4,28 0,04 4,29 13,75 7,21 4,6 3,23
10,51 10,23 6,36 4,59 9,03 5,28 8,1 8,75 9,88
11,22 13,14 5,33 6,98 12,68 5,15 3,5 4,46 11,21
11,9 7,48 10,2 6,71 7,99 5,79 2,4 0,06 1,23
14,02 3,14 13,24 13,8 1,17 5,92 4,85 3,27 11,94
9,59 10,95 13,48 7,14 10,72 12,3 11,39 11,49 4,98
12,44 7,62 10,32 8,32 13,18 7,84 6,44 11,16 0,38
9,34 7,1 14,74 0,02 6,39 3,44 2,42 0,45 5,98
10,19 2,08 7,51 9,14 10,13 5,48 7,7 2,59 0,78
2,91 4,15 6,3 14,86 0,06 10,9 6,06 3,33 0,09
2,35 3,69 8,56 2,04 7,53 0,4 2,09 8,66 0,21
11,03 13,06 13,52 10,69 8,88 14,18 1,26 12,97 1,96
7,29 11,53 12,86 5,93 0,29 8,31 3,51 4,49 0,27
2,63 8,9 3,79 11,8 1,26 1,19 10,85 0,07 3,25
1,0 14,54 7,08 13,64 7,38 12,01 0,73 9,3 6,39