135
5
6,89 14,33 6,42 8,73 5,91
4,74 5,31 0,82 11,02 10,68
0,15 1,49 0,46 5,31 8,88
2,13 10,59 0,21 2,55 3,17
4,13 10,2 4,56 9,22 8,09
8,6 6,06 13,72 9,67 13,89
3,17 6,83 14,47 0,85 12,61
13,68 5,61 8,93 3,79 13,6
10,01 7,15 12,05 9,93 8,14
9,23 9,49 8,37 13,81 0,75
7,9 12,35 14,05 11,3 8,55
7,25 13,13 5,38 9,79 1,86
13,9 5,16 4,01 6,4 11,75
1,5 11,3 9,15 5,01 2,18
2,87 1,04 13,16 12,58 13,82
6,55 9,02 8,76 13,54 11,96
7,68 10,9 2,35 13,32 2,73
4,09 4,53 14,86 7,59 2,24
11,09 13,99 10,56 4,24 1,49
10,29 11,41 9,24 12,77 12,93
4,26 9,41 11,63 2,59 7,38
9,1 10,82 12,55 0,06 11,13
5,22 14,87 7,63 13,33 2,11
13,27 1,62 7,32 12,41 5,31
5,96 8,54 9,58 11,92 12,83
7,33 6,05 9,98 9,51 8,68
7,76 7,7 9,08 0,71 12,2
10,03 8,93 2,01 8,73 0,62
2,24 11,43 5,48 1,9 3,07
6,75 11,45 13,11 12,28 0,8
10,1 2,12 3,37 10,15 4,11
7,83 9,04 3,75 7,42 5,95
3,92 3,47 2,7 11,79 4,91
4,25 1,2 14,65 4,52 5,44
8,4 2,29 11,52 12,01 13,92
9,45 7,08 12,69 7,2 3,13
14,51 9,25 11,77 0,02 10,12
6,2 6,23 12,01 13,12 14,49
14,47 10,82 7,31 13,76 7,21
11,49 1,9 4,22 13,66 9,32
7,08 6,65 9,22 0,47 6,38
11,55 4,02 7,39 6,96 3,51
0,32 8,96 14,57 7,9 3,02
14,35 8,59 13,96 2,08 13,99
13,94 12,7 1,69 12,24 7,27
4,49 3,79 2,78 5,28 8,54
7,91 12,47 6,22 9,95 13,03
13,34 7,48 11,24 6,46 6,62
3,76 2,32 6,47 10,41 1,07
7,83 3,52 2,79 4,95 13,17
1,81 7,65 8,95 12,22 6,05
14,33 3,0 12,88 4,28 10,05
5,27 6,15 7,35 0,47 4,85
14,51 13,53 11,11 12,91 8,67
14,41 12,95 5,98 3,53 11,29
0,61 4,78 13,42 8,02 3,59
3,3 10,73 14,22 5,32 2,19
7,55 1,26 8,51 5,84 7,79
7,5 4,87 11,27 1,69 13,69
6,01 5,88 4,43 11,78 7,65
14,85 13,26 7,47 12,74 7,79
12,76 1,54 0,48 13,25 14,11
3,27 7,65 4,52 12,47 11,86
2,75 8,61 5,01 11,88 5,45
9,35 14,02 2,78 11,58 11,53
10,98 10,13 5,66 3,53 5,34
5,44 6,95 4,29 5,11 0,39
10,8 7,82 3,56 3,6 9,5
5,88 14,91 8,79 12,02 13,83
9,51 9,86 2,14 8,83 3,93
12,45 13,62 11,9 7,3 13,74
2,93 7,95 13,61 5,2 11,55
3,37 2,73 6,29 14,41 8,24
2,48 10,75 4,08 7,04 6,41
12,5 0,23 8,1 0,37 13,68
7,53 7,56 6,1 7,92 8,92
4,52 5,14 5,06 11,5 13,61
2,6 11,39 5,25 1,76 13,72
1,57 2,19 13,65 3,72 3,23
0,91 7,48 6,55 2,67 1,09
4,09 10,2 2,28 1,01 13,74
12,18 9,03 5,88 14,85 7,18
11,4 4,73 4,39 1,7 7,9
4,64 14,7 5,02 0,07 9,81
6,96 7,32 11,65 3,61 5,14
3,12 12,38 9,9 3,61 7,12
7,12 7,15 14,03 6,97 14,98
5,87 3,51 9,39 9,96 0,46
6,34 2,9 9,69 7,25 0,15
5,08 11,04 5,36 6,99 10,82
14,84 6,17 14,98 9,62 13,83
8,66 11,8 3,08 5,14 4,61
6,39 4,21 8,79 12,52 10,5
12,13 9,12 1,93 4,02 6,98
5,51 11,04 6,4 8,33 1,05
14,95 7,55 12,53 2,83 2,06
8,4 4,75 3,84 9,67 5,15
8,09 1,97 2,21 14,69 7,6
5,51 10,47 5,71 13,91 11,37
4,0 11,64 3,15 7,75 13,61
2,49 7,6 3,45 10,48 0,84
5,39 11,96 5,89 14,74 3,36
7,76 6,15 13,3 8,39 13,37
1,06 7,9 10,56 13,78 3,82
4,94 0,42 8,86 13,6 3,9
0,11 13,58 14,51 5,29 10,28
0,07 8,53 4,97 5,98 1,92
3,62 7,25 11,61 10,95 10,36
7,16 9,29 8,14 4,04 6,8
3,76 10,72 9,68 7,3 14,25
14,02 13,07 12,39 13,7 10,85
5,77 0,63 4,34 3,92 6,3
10,42 13,82 7,39 2,79 6,09
0,35 11,33 2,36 6,06 9,18
5,17 12,22 12,9 8,78 4,4
3,22 1,44 9,47 12,68 5,42
0,67 5,76 12,58 0,29 14,18
0,45 3,3 5,23 7,71 0,52
0,54 5,2 12,73 3,57 1,17
9,31 14,58 12,82 3,06 8,35
10,51 12,29 4,89 7,78 10,33
10,56 14,55 1,84 1,72 5,79
8,17 10,46 11,69 0,42 11,39
10,43 10,98 12,87 4,98 0,16
5,79 7,93 5,64 7,2 9,67
14,11 14,34 5,04 8,81 7,55
7,49 2,0 8,81 8,68 13,95
14,76 5,03 12,93 3,55 4,82
8,9 13,55 6,74 1,47 3,1
14,07 7,75 10,56 12,34 7,38
5,86 12,82 2,04 4,66 12,88
0,84 6,65 13,0 12,32 13,76
12,14 14,81 2,58 13,94 0,06
11,74 9,77 1,02 3,8 10,34
10,53 7,62 9,31 2,54 9,1