200
2
2,45 5,27
5,75 1,37
9,59 9,97
9,79 4,15
5,63 14,5
1,37 6,37
11,34 5,48
13,96 2,01
5,1 14,06
10,04 3,36
10,53 2,45
0,14 12,63
14,92 11,42
4,79 9,16
12,11 3,82
12,84 12,18
6,03 2,87
5,74 3,66
10,39 3,93
0,01 10,79
1,53 14,66
7,21 14,45
9,83 7,92
3,21 3,21
12,4 1,12
12,29 8,02
1,04 0,15
6,37 5,2
8,21 11,39
6,32 8,25
5,62 10,09
6,63 1,6
6,77 0,7
0,17 12,14
5,36 11,43
8,68 6,85
11,23 7,29
12,54 9,95
8,11 1,5
14,22 6,01
5,58 1,03
13,31 12,05
5,26 13,35
7,06 9,66
3,93 3,71
4,51 5,33
11,28 13,69
7,6 8,59
4,22 14,22
3,81 12,27
10,24 2,21
5,66 10,9
6,54 11,85
2,72 14,12
3,28 6,87
5,89 8,92
13,72 9,54
5,13 14,79
8,29 8,15
2,16 3,42
1,27 0,8
13,96 11,22
4,21 4,39
7,1 1,19
0,77 3,23
11,7 6,54
0,19 10,65
12,43 8,87
6,31 2,42
8,57 13,88
9,03 14,03
9,67 13,88
11,15 10,57
10,45 2,84
4,73 3,0
3,4 1,7
0,73 1,79
3,53 8,55
2,0 0,19
13,32 3,08
11,47 1,05
4,13 14,78
13,57 11,25
7,48 7,06
10,19 11,21
12,56 13,34
9,06 8,94
2,66 9,46
8,12 0,08
7,51 10,71
8,96 7,01
2,47 11,6
13,93 10,5
8,02 7,5
11,52 3,61
3,18 5,55
11,9 14,46
12,71 1,41
3,35 3,06
11,53 9,92
6,33 13,65
9,44 4,39
8,92 6,83
14,41 9,97
13,81 13,1
8,81 10,84
0,65 12,84
10,49 11,3
3,49 5,17
7,68 5,95
11,07 8,96
7,57 6,32
1,37 7,51
6,85 12,02
12,88 4,66
14,23 3,32
1,19 7,58
5,51 6,41
6,95 6,5
9,89 13,6
7,85 5,07
7,71 13,85
12,35 5,07
0,87 11,07
1,17 4,64
4,31 9,07
2,58 11,12
5,46 3,9
10,55 3,08
10,21 7,71
3,21 1,11
0,59 12,09
4,86 9,33
8,71 9,05
11,79 12,64
0,52 13,45
10,52 7,77
1,56 5,65
13,26 7,64
10,17 13,63
0,2 0,35
5,12 12,06
14,49 10,23
9,23 8,35
4,16 3,85
10,13 14,37
0,27 5,09
8,92 1,14
2,39 6,57
11,55 12,31
11,5 11,21
6,73 8,77
14,93 8,11
9,66 11,72
6,89 1,96
9,79 13,68
3,54 9,35
5,24 7,55
4,43 1,24
13,03 12,16
10,1 12,5
6,48 14,27
5,63 3,41
1,85 5,03
3,37 5,63
13,62 5,32
14,69 1,89
5,52 8,34
0,82 4,56
6,82 9,57
9,45 6,03
9,72 11,35
7,51 5,23
8,54 9,73
7,44 12,98
3,85 6,54
0,56 12,74
10,94 5,18
5,4 7,21
4,53 5,25
9,53 10,79
10,24 8,64
13,68 7,67
6,98 5,76
12,07 4,36
7,07 5,92
5,38 11,87
9,26 0,33
12,1 7,75
4,85 2,53
4,65 0,24
12,28 14,03
8,41 3,82
12,63 1,14
0,61 5,81
10,54 3,02
3,66 6,95
7,63 3,06
9,55 0,85
2,76 1,16